    75
     1    0.000000    0.000000   -0.594267       0.008000
     2   -0.148567    0.148567   -0.445701       0.008000
     3   -0.297134    0.297134   -0.297134       0.008000
     4   -0.445701    0.445701   -0.148567       0.008000
     5   -0.594267    0.594267    0.000000       0.008000
     6    0.148567   -0.148567   -0.445701       0.008000
     7    0.000000    0.000000   -0.297134       0.008000
     8   -0.148567    0.148567   -0.148567       0.008000
     9   -0.297134    0.297134    0.000000       0.008000
    10   -0.445701    0.445701    0.148567       0.008000
    11    0.297134   -0.297134   -0.297134       0.008000
    12    0.148567   -0.148567   -0.148567       0.008000
    13    0.000000    0.000000    0.000000       0.008000
    14   -0.148567    0.148567    0.148567       0.008000
    15   -0.297134    0.297134    0.297134       0.008000
    16    0.445701   -0.445701   -0.148567       0.008000
    17    0.297134   -0.297134    0.000000       0.008000
    18    0.148567   -0.148567    0.148567       0.008000
    19    0.000000    0.000000    0.297134       0.008000
    20   -0.148567    0.148567    0.445701       0.008000
    21    0.594267   -0.594267    0.000000       0.008000
    22    0.445701   -0.445701    0.148567       0.008000
    23    0.297134   -0.297134    0.297134       0.008000
    24    0.148567   -0.148567    0.445701       0.008000
    25    0.000000    0.000000    0.594267       0.008000
    26    0.148567    0.148567   -0.742834       0.016000
    27    0.000000    0.297134   -0.594267       0.016000
    28   -0.148567    0.445701   -0.445701       0.016000
    29   -0.297134    0.594267   -0.297134       0.016000
    30   -0.445701    0.742834   -0.148567       0.016000
    31    0.297134    0.000000   -0.594267       0.016000
    32    0.148567    0.148567   -0.445701       0.016000
    33    0.000000    0.297134   -0.297134       0.016000
    34   -0.148567    0.445701   -0.148567       0.016000
    35   -0.297134    0.594267    0.000000       0.016000
    36    0.445701   -0.148567   -0.445701       0.016000
    37    0.297134    0.000000   -0.297134       0.016000
    38    0.148567    0.148567   -0.148567       0.016000
    39    0.000000    0.297134    0.000000       0.016000
    40   -0.148567    0.445701    0.148567       0.016000
    41    0.594267   -0.297134   -0.297134       0.016000
    42    0.445701   -0.148567   -0.148567       0.016000
    43    0.297134    0.000000    0.000000       0.016000
    44    0.148567    0.148567    0.148567       0.016000
    45    0.000000    0.297134    0.297134       0.016000
    46    0.742834   -0.445701   -0.148567       0.016000
    47    0.594267   -0.297134    0.000000       0.016000
    48    0.445701   -0.148567    0.148567       0.016000
    49    0.297134    0.000000    0.297134       0.016000
    50    0.148567    0.148567    0.445701       0.016000
    51    0.297134    0.297134   -0.891401       0.016000
    52    0.148567    0.445701   -0.742834       0.016000
    53    0.000000    0.594267   -0.594267       0.016000
    54   -0.148567    0.742834   -0.445701       0.016000
    55   -0.297134    0.891401   -0.297134       0.016000
    56    0.445701    0.148567   -0.742834       0.016000
    57    0.297134    0.297134   -0.594267       0.016000
    58    0.148567    0.445701   -0.445701       0.016000
    59    0.000000    0.594267   -0.297134       0.016000
    60   -0.148567    0.742834   -0.148567       0.016000
    61    0.594267    0.000000   -0.594267       0.016000
    62    0.445701    0.148567   -0.445701       0.016000
    63    0.297134    0.297134   -0.297134       0.016000
    64    0.148567    0.445701   -0.148567       0.016000
    65    0.000000    0.594267    0.000000       0.016000
    66    0.742834   -0.148567   -0.445701       0.016000
    67    0.594267    0.000000   -0.297134       0.016000
    68    0.445701    0.148567   -0.148567       0.016000
    69    0.297134    0.297134    0.000000       0.016000
    70    0.148567    0.445701    0.148567       0.016000
    71    0.891401   -0.297134   -0.297134       0.016000
    72    0.742834   -0.148567   -0.148567       0.016000
    73    0.594267    0.000000    0.000000       0.016000
    74    0.445701    0.148567    0.148567       0.016000
    75    0.297134    0.297134    0.297134       0.016000
