   405
     1    0.000000    0.000000   -0.660297       0.001372
     2   -0.082537    0.082537   -0.577760       0.001372
     3   -0.165074    0.165074   -0.495223       0.001372
     4   -0.247611    0.247611   -0.412686       0.001372
     5   -0.330149    0.330149   -0.330149       0.001372
     6   -0.412686    0.412686   -0.247611       0.001372
     7   -0.495223    0.495223   -0.165074       0.001372
     8   -0.577760    0.577760   -0.082537       0.001372
     9   -0.660297    0.660297    0.000000       0.001372
    10    0.082537   -0.082537   -0.577760       0.001372
    11    0.000000    0.000000   -0.495223       0.001372
    12   -0.082537    0.082537   -0.412686       0.001372
    13   -0.165074    0.165074   -0.330149       0.001372
    14   -0.247611    0.247611   -0.247611       0.001372
    15   -0.330149    0.330149   -0.165074       0.001372
    16   -0.412686    0.412686   -0.082537       0.001372
    17   -0.495223    0.495223    0.000000       0.001372
    18   -0.577760    0.577760    0.082537       0.001372
    19    0.165074   -0.165074   -0.495223       0.001372
    20    0.082537   -0.082537   -0.412686       0.001372
    21    0.000000    0.000000   -0.330149       0.001372
    22   -0.082537    0.082537   -0.247611       0.001372
    23   -0.165074    0.165074   -0.165074       0.001372
    24   -0.247611    0.247611   -0.082537       0.001372
    25   -0.330149    0.330149    0.000000       0.001372
    26   -0.412686    0.412686    0.082537       0.001372
    27   -0.495223    0.495223    0.165074       0.001372
    28    0.247611   -0.247611   -0.412686       0.001372
    29    0.165074   -0.165074   -0.330149       0.001372
    30    0.082537   -0.082537   -0.247611       0.001372
    31    0.000000    0.000000   -0.165074       0.001372
    32   -0.082537    0.082537   -0.082537       0.001372
    33   -0.165074    0.165074    0.000000       0.001372
    34   -0.247611    0.247611    0.082537       0.001372
    35   -0.330149    0.330149    0.165074       0.001372
    36   -0.412686    0.412686    0.247611       0.001372
    37    0.330149   -0.330149   -0.330149       0.001372
    38    0.247611   -0.247611   -0.247611       0.001372
    39    0.165074   -0.165074   -0.165074       0.001372
    40    0.082537   -0.082537   -0.082537       0.001372
    41    0.000000    0.000000    0.000000       0.001372
    42   -0.082537    0.082537    0.082537       0.001372
    43   -0.165074    0.165074    0.165074       0.001372
    44   -0.247611    0.247611    0.247611       0.001372
    45   -0.330149    0.330149    0.330149       0.001372
    46    0.412686   -0.412686   -0.247611       0.001372
    47    0.330149   -0.330149   -0.165074       0.001372
    48    0.247611   -0.247611   -0.082537       0.001372
    49    0.165074   -0.165074    0.000000       0.001372
    50    0.082537   -0.082537    0.082537       0.001372
    51    0.000000    0.000000    0.165074       0.001372
    52   -0.082537    0.082537    0.247611       0.001372
    53   -0.165074    0.165074    0.330149       0.001372
    54   -0.247611    0.247611    0.412686       0.001372
    55    0.495223   -0.495223   -0.165074       0.001372
    56    0.412686   -0.412686   -0.082537       0.001372
    57    0.330149   -0.330149    0.000000       0.001372
    58    0.247611   -0.247611    0.082537       0.001372
    59    0.165074   -0.165074    0.165074       0.001372
    60    0.082537   -0.082537    0.247611       0.001372
    61    0.000000    0.000000    0.330149       0.001372
    62   -0.082537    0.082537    0.412686       0.001372
    63   -0.165074    0.165074    0.495223       0.001372
    64    0.577760   -0.577760   -0.082537       0.001372
    65    0.495223   -0.495223    0.000000       0.001372
    66    0.412686   -0.412686    0.082537       0.001372
    67    0.330149   -0.330149    0.165074       0.001372
    68    0.247611   -0.247611    0.247611       0.001372
    69    0.165074   -0.165074    0.330149       0.001372
    70    0.082537   -0.082537    0.412686       0.001372
    71    0.000000    0.000000    0.495223       0.001372
    72   -0.082537    0.082537    0.577760       0.001372
    73    0.660297   -0.660297    0.000000       0.001372
    74    0.577760   -0.577760    0.082537       0.001372
    75    0.495223   -0.495223    0.165074       0.001372
    76    0.412686   -0.412686    0.247611       0.001372
    77    0.330149   -0.330149    0.330149       0.001372
    78    0.247611   -0.247611    0.412686       0.001372
    79    0.165074   -0.165074    0.495223       0.001372
    80    0.082537   -0.082537    0.577760       0.001372
    81    0.000000    0.000000    0.660297       0.001372
    82    0.082537    0.082537   -0.742834       0.002743
    83    0.000000    0.165074   -0.660297       0.002743
    84   -0.082537    0.247611   -0.577760       0.002743
    85   -0.165074    0.330149   -0.495223       0.002743
    86   -0.247611    0.412686   -0.412686       0.002743
    87   -0.330149    0.495223   -0.330149       0.002743
    88   -0.412686    0.577760   -0.247611       0.002743
    89   -0.495223    0.660297   -0.165074       0.002743
    90   -0.577760    0.742834   -0.082537       0.002743
    91    0.165074    0.000000   -0.660297       0.002743
    92    0.082537    0.082537   -0.577760       0.002743
    93    0.000000    0.165074   -0.495223       0.002743
    94   -0.082537    0.247611   -0.412686       0.002743
    95   -0.165074    0.330149   -0.330149       0.002743
    96   -0.247611    0.412686   -0.247611       0.002743
    97   -0.330149    0.495223   -0.165074       0.002743
    98   -0.412686    0.577760   -0.082537       0.002743
    99   -0.495223    0.660297    0.000000       0.002743
   100    0.247611   -0.082537   -0.577760       0.002743
   101    0.165074    0.000000   -0.495223       0.002743
   102    0.082537    0.082537   -0.412686       0.002743
   103    0.000000    0.165074   -0.330149       0.002743
   104   -0.082537    0.247611   -0.247611       0.002743
   105   -0.165074    0.330149   -0.165074       0.002743
   106   -0.247611    0.412686   -0.082537       0.002743
   107   -0.330149    0.495223    0.000000       0.002743
   108   -0.412686    0.577760    0.082537       0.002743
   109    0.330149   -0.165074   -0.495223       0.002743
   110    0.247611   -0.082537   -0.412686       0.002743
   111    0.165074    0.000000   -0.330149       0.002743
   112    0.082537    0.082537   -0.247611       0.002743
   113    0.000000    0.165074   -0.165074       0.002743
   114   -0.082537    0.247611   -0.082537       0.002743
   115   -0.165074    0.330149    0.000000       0.002743
   116   -0.247611    0.412686    0.082537       0.002743
   117   -0.330149    0.495223    0.165074       0.002743
   118    0.412686   -0.247611   -0.412686       0.002743
   119    0.330149   -0.165074   -0.330149       0.002743
   120    0.247611   -0.082537   -0.247611       0.002743
   121    0.165074    0.000000   -0.165074       0.002743
   122    0.082537    0.082537   -0.082537       0.002743
   123    0.000000    0.165074    0.000000       0.002743
   124   -0.082537    0.247611    0.082537       0.002743
   125   -0.165074    0.330149    0.165074       0.002743
   126   -0.247611    0.412686    0.247611       0.002743
   127    0.495223   -0.330149   -0.330149       0.002743
   128    0.412686   -0.247611   -0.247611       0.002743
   129    0.330149   -0.165074   -0.165074       0.002743
   130    0.247611   -0.082537   -0.082537       0.002743
   131    0.165074    0.000000    0.000000       0.002743
   132    0.082537    0.082537    0.082537       0.002743
   133    0.000000    0.165074    0.165074       0.002743
   134   -0.082537    0.247611    0.247611       0.002743
   135   -0.165074    0.330149    0.330149       0.002743
   136    0.577760   -0.412686   -0.247611       0.002743
   137    0.495223   -0.330149   -0.165074       0.002743
   138    0.412686   -0.247611   -0.082537       0.002743
   139    0.330149   -0.165074    0.000000       0.002743
   140    0.247611   -0.082537    0.082537       0.002743
   141    0.165074    0.000000    0.165074       0.002743
   142    0.082537    0.082537    0.247611       0.002743
   143    0.000000    0.165074    0.330149       0.002743
   144   -0.082537    0.247611    0.412686       0.002743
   145    0.660297   -0.495223   -0.165074       0.002743
   146    0.577760   -0.412686   -0.082537       0.002743
   147    0.495223   -0.330149    0.000000       0.002743
   148    0.412686   -0.247611    0.082537       0.002743
   149    0.330149   -0.165074    0.165074       0.002743
   150    0.247611   -0.082537    0.247611       0.002743
   151    0.165074    0.000000    0.330149       0.002743
   152    0.082537    0.082537    0.412686       0.002743
   153    0.000000    0.165074    0.495223       0.002743
   154    0.742834   -0.577760   -0.082537       0.002743
   155    0.660297   -0.495223    0.000000       0.002743
   156    0.577760   -0.412686    0.082537       0.002743
   157    0.495223   -0.330149    0.165074       0.002743
   158    0.412686   -0.247611    0.247611       0.002743
   159    0.330149   -0.165074    0.330149       0.002743
   160    0.247611   -0.082537    0.412686       0.002743
   161    0.165074    0.000000    0.495223       0.002743
   162    0.082537    0.082537    0.577760       0.002743
   163    0.165074    0.165074   -0.825371       0.002743
   164    0.082537    0.247611   -0.742834       0.002743
   165    0.000000    0.330149   -0.660297       0.002743
   166   -0.082537    0.412686   -0.577760       0.002743
   167   -0.165074    0.495223   -0.495223       0.002743
   168   -0.247611    0.577760   -0.412686       0.002743
   169   -0.330149    0.660297   -0.330149       0.002743
   170   -0.412686    0.742834   -0.247611       0.002743
   171   -0.495223    0.825371   -0.165074       0.002743
   172    0.247611    0.082537   -0.742834       0.002743
   173    0.165074    0.165074   -0.660297       0.002743
   174    0.082537    0.247611   -0.577760       0.002743
   175    0.000000    0.330149   -0.495223       0.002743
   176   -0.082537    0.412686   -0.412686       0.002743
   177   -0.165074    0.495223   -0.330149       0.002743
   178   -0.247611    0.577760   -0.247611       0.002743
   179   -0.330149    0.660297   -0.165074       0.002743
   180   -0.412686    0.742834   -0.082537       0.002743
   181    0.330149    0.000000   -0.660297       0.002743
   182    0.247611    0.082537   -0.577760       0.002743
   183    0.165074    0.165074   -0.495223       0.002743
   184    0.082537    0.247611   -0.412686       0.002743
   185    0.000000    0.330149   -0.330149       0.002743
   186   -0.082537    0.412686   -0.247611       0.002743
   187   -0.165074    0.495223   -0.165074       0.002743
   188   -0.247611    0.577760   -0.082537       0.002743
   189   -0.330149    0.660297    0.000000       0.002743
   190    0.412686   -0.082537   -0.577760       0.002743
   191    0.330149    0.000000   -0.495223       0.002743
   192    0.247611    0.082537   -0.412686       0.002743
   193    0.165074    0.165074   -0.330149       0.002743
   194    0.082537    0.247611   -0.247611       0.002743
   195    0.000000    0.330149   -0.165074       0.002743
   196   -0.082537    0.412686   -0.082537       0.002743
   197   -0.165074    0.495223    0.000000       0.002743
   198   -0.247611    0.577760    0.082537       0.002743
   199    0.495223   -0.165074   -0.495223       0.002743
   200    0.412686   -0.082537   -0.412686       0.002743
   201    0.330149    0.000000   -0.330149       0.002743
   202    0.247611    0.082537   -0.247611       0.002743
   203    0.165074    0.165074   -0.165074       0.002743
   204    0.082537    0.247611   -0.082537       0.002743
   205    0.000000    0.330149    0.000000       0.002743
   206   -0.082537    0.412686    0.082537       0.002743
   207   -0.165074    0.495223    0.165074       0.002743
   208    0.577760   -0.247611   -0.412686       0.002743
   209    0.495223   -0.165074   -0.330149       0.002743
   210    0.412686   -0.082537   -0.247611       0.002743
   211    0.330149    0.000000   -0.165074       0.002743
   212    0.247611    0.082537   -0.082537       0.002743
   213    0.165074    0.165074    0.000000       0.002743
   214    0.082537    0.247611    0.082537       0.002743
   215    0.000000    0.330149    0.165074       0.002743
   216   -0.082537    0.412686    0.247611       0.002743
   217    0.660297   -0.330149   -0.330149       0.002743
   218    0.577760   -0.247611   -0.247611       0.002743
   219    0.495223   -0.165074   -0.165074       0.002743
   220    0.412686   -0.082537   -0.082537       0.002743
   221    0.330149    0.000000    0.000000       0.002743
   222    0.247611    0.082537    0.082537       0.002743
   223    0.165074    0.165074    0.165074       0.002743
   224    0.082537    0.247611    0.247611       0.002743
   225    0.000000    0.330149    0.330149       0.002743
   226    0.742834   -0.412686   -0.247611       0.002743
   227    0.660297   -0.330149   -0.165074       0.002743
   228    0.577760   -0.247611   -0.082537       0.002743
   229    0.495223   -0.165074    0.000000       0.002743
   230    0.412686   -0.082537    0.082537       0.002743
   231    0.330149    0.000000    0.165074       0.002743
   232    0.247611    0.082537    0.247611       0.002743
   233    0.165074    0.165074    0.330149       0.002743
   234    0.082537    0.247611    0.412686       0.002743
   235    0.825371   -0.495223   -0.165074       0.002743
   236    0.742834   -0.412686   -0.082537       0.002743
   237    0.660297   -0.330149    0.000000       0.002743
   238    0.577760   -0.247611    0.082537       0.002743
   239    0.495223   -0.165074    0.165074       0.002743
   240    0.412686   -0.082537    0.247611       0.002743
   241    0.330149    0.000000    0.330149       0.002743
   242    0.247611    0.082537    0.412686       0.002743
   243    0.165074    0.165074    0.495223       0.002743
   244    0.247611    0.247611   -0.907909       0.002743
   245    0.165074    0.330149   -0.825371       0.002743
   246    0.082537    0.412686   -0.742834       0.002743
   247    0.000000    0.495223   -0.660297       0.002743
   248   -0.082537    0.577760   -0.577760       0.002743
   249   -0.165074    0.660297   -0.495223       0.002743
   250   -0.247611    0.742834   -0.412686       0.002743
   251   -0.330149    0.825371   -0.330149       0.002743
   252   -0.412686    0.907909   -0.247611       0.002743
   253    0.330149    0.165074   -0.825371       0.002743
   254    0.247611    0.247611   -0.742834       0.002743
   255    0.165074    0.330149   -0.660297       0.002743
   256    0.082537    0.412686   -0.577760       0.002743
   257    0.000000    0.495223   -0.495223       0.002743
   258   -0.082537    0.577760   -0.412686       0.002743
   259   -0.165074    0.660297   -0.330149       0.002743
   260   -0.247611    0.742834   -0.247611       0.002743
   261   -0.330149    0.825371   -0.165074       0.002743
   262    0.412686    0.082537   -0.742834       0.002743
   263    0.330149    0.165074   -0.660297       0.002743
   264    0.247611    0.247611   -0.577760       0.002743
   265    0.165074    0.330149   -0.495223       0.002743
   266    0.082537    0.412686   -0.412686       0.002743
   267    0.000000    0.495223   -0.330149       0.002743
   268   -0.082537    0.577760   -0.247611       0.002743
   269   -0.165074    0.660297   -0.165074       0.002743
   270   -0.247611    0.742834   -0.082537       0.002743
   271    0.495223    0.000000   -0.660297       0.002743
   272    0.412686    0.082537   -0.577760       0.002743
   273    0.330149    0.165074   -0.495223       0.002743
   274    0.247611    0.247611   -0.412686       0.002743
   275    0.165074    0.330149   -0.330149       0.002743
   276    0.082537    0.412686   -0.247611       0.002743
   277    0.000000    0.495223   -0.165074       0.002743
   278   -0.082537    0.577760   -0.082537       0.002743
   279   -0.165074    0.660297    0.000000       0.002743
   280    0.577760   -0.082537   -0.577760       0.002743
   281    0.495223    0.000000   -0.495223       0.002743
   282    0.412686    0.082537   -0.412686       0.002743
   283    0.330149    0.165074   -0.330149       0.002743
   284    0.247611    0.247611   -0.247611       0.002743
   285    0.165074    0.330149   -0.165074       0.002743
   286    0.082537    0.412686   -0.082537       0.002743
   287    0.000000    0.495223    0.000000       0.002743
   288   -0.082537    0.577760    0.082537       0.002743
   289    0.660297   -0.165074   -0.495223       0.002743
   290    0.577760   -0.082537   -0.412686       0.002743
   291    0.495223    0.000000   -0.330149       0.002743
   292    0.412686    0.082537   -0.247611       0.002743
   293    0.330149    0.165074   -0.165074       0.002743
   294    0.247611    0.247611   -0.082537       0.002743
   295    0.165074    0.330149    0.000000       0.002743
   296    0.082537    0.412686    0.082537       0.002743
   297    0.000000    0.495223    0.165074       0.002743
   298    0.742834   -0.247611   -0.412686       0.002743
   299    0.660297   -0.165074   -0.330149       0.002743
   300    0.577760   -0.082537   -0.247611       0.002743
   301    0.495223    0.000000   -0.165074       0.002743
   302    0.412686    0.082537   -0.082537       0.002743
   303    0.330149    0.165074    0.000000       0.002743
   304    0.247611    0.247611    0.082537       0.002743
   305    0.165074    0.330149    0.165074       0.002743
   306    0.082537    0.412686    0.247611       0.002743
   307    0.825371   -0.330149   -0.330149       0.002743
   308    0.742834   -0.247611   -0.247611       0.002743
   309    0.660297   -0.165074   -0.165074       0.002743
   310    0.577760   -0.082537   -0.082537       0.002743
   311    0.495223    0.000000    0.000000       0.002743
   312    0.412686    0.082537    0.082537       0.002743
   313    0.330149    0.165074    0.165074       0.002743
   314    0.247611    0.247611    0.247611       0.002743
   315    0.165074    0.330149    0.330149       0.002743
   316    0.907909   -0.412686   -0.247611       0.002743
   317    0.825371   -0.330149   -0.165074       0.002743
   318    0.742834   -0.247611   -0.082537       0.002743
   319    0.660297   -0.165074    0.000000       0.002743
   320    0.577760   -0.082537    0.082537       0.002743
   321    0.495223    0.000000    0.165074       0.002743
   322    0.412686    0.082537    0.247611       0.002743
   323    0.330149    0.165074    0.330149       0.002743
   324    0.247611    0.247611    0.412686       0.002743
   325    0.330149    0.330149   -0.990446       0.002743
   326    0.247611    0.412686   -0.907909       0.002743
   327    0.165074    0.495223   -0.825371       0.002743
   328    0.082537    0.577760   -0.742834       0.002743
   329    0.000000    0.660297   -0.660297       0.002743
   330   -0.082537    0.742834   -0.577760       0.002743
   331   -0.165074    0.825371   -0.495223       0.002743
   332   -0.247611    0.907909   -0.412686       0.002743
   333   -0.330149    0.990446   -0.330149       0.002743
   334    0.412686    0.247611   -0.907909       0.002743
   335    0.330149    0.330149   -0.825371       0.002743
   336    0.247611    0.412686   -0.742834       0.002743
   337    0.165074    0.495223   -0.660297       0.002743
   338    0.082537    0.577760   -0.577760       0.002743
   339    0.000000    0.660297   -0.495223       0.002743
   340   -0.082537    0.742834   -0.412686       0.002743
   341   -0.165074    0.825371   -0.330149       0.002743
   342   -0.247611    0.907909   -0.247611       0.002743
   343    0.495223    0.165074   -0.825371       0.002743
   344    0.412686    0.247611   -0.742834       0.002743
   345    0.330149    0.330149   -0.660297       0.002743
   346    0.247611    0.412686   -0.577760       0.002743
   347    0.165074    0.495223   -0.495223       0.002743
   348    0.082537    0.577760   -0.412686       0.002743
   349    0.000000    0.660297   -0.330149       0.002743
   350   -0.082537    0.742834   -0.247611       0.002743
   351   -0.165074    0.825371   -0.165074       0.002743
   352    0.577760    0.082537   -0.742834       0.002743
   353    0.495223    0.165074   -0.660297       0.002743
   354    0.412686    0.247611   -0.577760       0.002743
   355    0.330149    0.330149   -0.495223       0.002743
   356    0.247611    0.412686   -0.412686       0.002743
   357    0.165074    0.495223   -0.330149       0.002743
   358    0.082537    0.577760   -0.247611       0.002743
   359    0.000000    0.660297   -0.165074       0.002743
   360   -0.082537    0.742834   -0.082537       0.002743
   361    0.660297    0.000000   -0.660297       0.002743
   362    0.577760    0.082537   -0.577760       0.002743
   363    0.495223    0.165074   -0.495223       0.002743
   364    0.412686    0.247611   -0.412686       0.002743
   365    0.330149    0.330149   -0.330149       0.002743
   366    0.247611    0.412686   -0.247611       0.002743
   367    0.165074    0.495223   -0.165074       0.002743
   368    0.082537    0.577760   -0.082537       0.002743
   369    0.000000    0.660297    0.000000       0.002743
   370    0.742834   -0.082537   -0.577760       0.002743
   371    0.660297    0.000000   -0.495223       0.002743
   372    0.577760    0.082537   -0.412686       0.002743
   373    0.495223    0.165074   -0.330149       0.002743
   374    0.412686    0.247611   -0.247611       0.002743
   375    0.330149    0.330149   -0.165074       0.002743
   376    0.247611    0.412686   -0.082537       0.002743
   377    0.165074    0.495223    0.000000       0.002743
   378    0.082537    0.577760    0.082537       0.002743
   379    0.825371   -0.165074   -0.495223       0.002743
   380    0.742834   -0.082537   -0.412686       0.002743
   381    0.660297    0.000000   -0.330149       0.002743
   382    0.577760    0.082537   -0.247611       0.002743
   383    0.495223    0.165074   -0.165074       0.002743
   384    0.412686    0.247611   -0.082537       0.002743
   385    0.330149    0.330149    0.000000       0.002743
   386    0.247611    0.412686    0.082537       0.002743
   387    0.165074    0.495223    0.165074       0.002743
   388    0.907909   -0.247611   -0.412686       0.002743
   389    0.825371   -0.165074   -0.330149       0.002743
   390    0.742834   -0.082537   -0.247611       0.002743
   391    0.660297    0.000000   -0.165074       0.002743
   392    0.577760    0.082537   -0.082537       0.002743
   393    0.495223    0.165074    0.000000       0.002743
   394    0.412686    0.247611    0.082537       0.002743
   395    0.330149    0.330149    0.165074       0.002743
   396    0.247611    0.412686    0.247611       0.002743
   397    0.990446   -0.330149   -0.330149       0.002743
   398    0.907909   -0.247611   -0.247611       0.002743
   399    0.825371   -0.165074   -0.165074       0.002743
   400    0.742834   -0.082537   -0.082537       0.002743
   401    0.660297    0.000000    0.000000       0.002743
   402    0.577760    0.082537    0.082537       0.002743
   403    0.495223    0.165074    0.165074       0.002743
   404    0.412686    0.247611    0.247611       0.002743
   405    0.330149    0.330149    0.330149       0.002743
