   196
     1    0.000000    0.000000   -0.636715       0.002915
     2   -0.106119    0.106119   -0.530596       0.002915
     3   -0.212238    0.212238   -0.424477       0.002915
     4   -0.318358    0.318358   -0.318358       0.002915
     5   -0.424477    0.424477   -0.212238       0.002915
     6   -0.530596    0.530596   -0.106119       0.002915
     7   -0.636715    0.636715    0.000000       0.002915
     8    0.106119   -0.106119   -0.530596       0.002915
     9    0.000000    0.000000   -0.424477       0.002915
    10   -0.106119    0.106119   -0.318358       0.002915
    11   -0.212238    0.212238   -0.212238       0.002915
    12   -0.318358    0.318358   -0.106119       0.002915
    13   -0.424477    0.424477    0.000000       0.002915
    14   -0.530596    0.530596    0.106119       0.002915
    15    0.212238   -0.212238   -0.424477       0.002915
    16    0.106119   -0.106119   -0.318358       0.002915
    17    0.000000    0.000000   -0.212238       0.002915
    18   -0.106119    0.106119   -0.106119       0.002915
    19   -0.212238    0.212238    0.000000       0.002915
    20   -0.318358    0.318358    0.106119       0.002915
    21   -0.424477    0.424477    0.212238       0.002915
    22    0.318358   -0.318358   -0.318358       0.002915
    23    0.212238   -0.212238   -0.212238       0.002915
    24    0.106119   -0.106119   -0.106119       0.002915
    25    0.000000    0.000000    0.000000       0.002915
    26   -0.106119    0.106119    0.106119       0.002915
    27   -0.212238    0.212238    0.212238       0.002915
    28   -0.318358    0.318358    0.318358       0.002915
    29    0.424477   -0.424477   -0.212238       0.002915
    30    0.318358   -0.318358   -0.106119       0.002915
    31    0.212238   -0.212238    0.000000       0.002915
    32    0.106119   -0.106119    0.106119       0.002915
    33    0.000000    0.000000    0.212238       0.002915
    34   -0.106119    0.106119    0.318358       0.002915
    35   -0.212238    0.212238    0.424477       0.002915
    36    0.530596   -0.530596   -0.106119       0.002915
    37    0.424477   -0.424477    0.000000       0.002915
    38    0.318358   -0.318358    0.106119       0.002915
    39    0.212238   -0.212238    0.212238       0.002915
    40    0.106119   -0.106119    0.318358       0.002915
    41    0.000000    0.000000    0.424477       0.002915
    42   -0.106119    0.106119    0.530596       0.002915
    43    0.636715   -0.636715    0.000000       0.002915
    44    0.530596   -0.530596    0.106119       0.002915
    45    0.424477   -0.424477    0.212238       0.002915
    46    0.318358   -0.318358    0.318358       0.002915
    47    0.212238   -0.212238    0.424477       0.002915
    48    0.106119   -0.106119    0.530596       0.002915
    49    0.000000    0.000000    0.636715       0.002915
    50    0.106119    0.106119   -0.742834       0.005831
    51    0.000000    0.212238   -0.636715       0.005831
    52   -0.106119    0.318358   -0.530596       0.005831
    53   -0.212238    0.424477   -0.424477       0.005831
    54   -0.318358    0.530596   -0.318358       0.005831
    55   -0.424477    0.636715   -0.212238       0.005831
    56   -0.530596    0.742834   -0.106119       0.005831
    57    0.212238    0.000000   -0.636715       0.005831
    58    0.106119    0.106119   -0.530596       0.005831
    59    0.000000    0.212238   -0.424477       0.005831
    60   -0.106119    0.318358   -0.318358       0.005831
    61   -0.212238    0.424477   -0.212238       0.005831
    62   -0.318358    0.530596   -0.106119       0.005831
    63   -0.424477    0.636715    0.000000       0.005831
    64    0.318358   -0.106119   -0.530596       0.005831
    65    0.212238    0.000000   -0.424477       0.005831
    66    0.106119    0.106119   -0.318358       0.005831
    67    0.000000    0.212238   -0.212238       0.005831
    68   -0.106119    0.318358   -0.106119       0.005831
    69   -0.212238    0.424477    0.000000       0.005831
    70   -0.318358    0.530596    0.106119       0.005831
    71    0.424477   -0.212238   -0.424477       0.005831
    72    0.318358   -0.106119   -0.318358       0.005831
    73    0.212238    0.000000   -0.212238       0.005831
    74    0.106119    0.106119   -0.106119       0.005831
    75    0.000000    0.212238    0.000000       0.005831
    76   -0.106119    0.318358    0.106119       0.005831
    77   -0.212238    0.424477    0.212238       0.005831
    78    0.530596   -0.318358   -0.318358       0.005831
    79    0.424477   -0.212238   -0.212238       0.005831
    80    0.318358   -0.106119   -0.106119       0.005831
    81    0.212238    0.000000    0.000000       0.005831
    82    0.106119    0.106119    0.106119       0.005831
    83    0.000000    0.212238    0.212238       0.005831
    84   -0.106119    0.318358    0.318358       0.005831
    85    0.636715   -0.424477   -0.212238       0.005831
    86    0.530596   -0.318358   -0.106119       0.005831
    87    0.424477   -0.212238    0.000000       0.005831
    88    0.318358   -0.106119    0.106119       0.005831
    89    0.212238    0.000000    0.212238       0.005831
    90    0.106119    0.106119    0.318358       0.005831
    91    0.000000    0.212238    0.424477       0.005831
    92    0.742834   -0.530596   -0.106119       0.005831
    93    0.636715   -0.424477    0.000000       0.005831
    94    0.530596   -0.318358    0.106119       0.005831
    95    0.424477   -0.212238    0.212238       0.005831
    96    0.318358   -0.106119    0.318358       0.005831
    97    0.212238    0.000000    0.424477       0.005831
    98    0.106119    0.106119    0.530596       0.005831
    99    0.212238    0.212238   -0.848953       0.005831
   100    0.106119    0.318358   -0.742834       0.005831
   101    0.000000    0.424477   -0.636715       0.005831
   102   -0.106119    0.530596   -0.530596       0.005831
   103   -0.212238    0.636715   -0.424477       0.005831
   104   -0.318358    0.742834   -0.318358       0.005831
   105   -0.424477    0.848953   -0.212238       0.005831
   106    0.318358    0.106119   -0.742834       0.005831
   107    0.212238    0.212238   -0.636715       0.005831
   108    0.106119    0.318358   -0.530596       0.005831
   109    0.000000    0.424477   -0.424477       0.005831
   110   -0.106119    0.530596   -0.318358       0.005831
   111   -0.212238    0.636715   -0.212238       0.005831
   112   -0.318358    0.742834   -0.106119       0.005831
   113    0.424477    0.000000   -0.636715       0.005831
   114    0.318358    0.106119   -0.530596       0.005831
   115    0.212238    0.212238   -0.424477       0.005831
   116    0.106119    0.318358   -0.318358       0.005831
   117    0.000000    0.424477   -0.212238       0.005831
   118   -0.106119    0.530596   -0.106119       0.005831
   119   -0.212238    0.636715    0.000000       0.005831
   120    0.530596   -0.106119   -0.530596       0.005831
   121    0.424477    0.000000   -0.424477       0.005831
   122    0.318358    0.106119   -0.318358       0.005831
   123    0.212238    0.212238   -0.212238       0.005831
   124    0.106119    0.318358   -0.106119       0.005831
   125    0.000000    0.424477    0.000000       0.005831
   126   -0.106119    0.530596    0.106119       0.005831
   127    0.636715   -0.212238   -0.424477       0.005831
   128    0.530596   -0.106119   -0.318358       0.005831
   129    0.424477    0.000000   -0.212238       0.005831
   130    0.318358    0.106119   -0.106119       0.005831
   131    0.212238    0.212238    0.000000       0.005831
   132    0.106119    0.318358    0.106119       0.005831
   133    0.000000    0.424477    0.212238       0.005831
   134    0.742834   -0.318358   -0.318358       0.005831
   135    0.636715   -0.212238   -0.212238       0.005831
   136    0.530596   -0.106119   -0.106119       0.005831
   137    0.424477    0.000000    0.000000       0.005831
   138    0.318358    0.106119    0.106119       0.005831
   139    0.212238    0.212238    0.212238       0.005831
   140    0.106119    0.318358    0.318358       0.005831
   141    0.848953   -0.424477   -0.212238       0.005831
   142    0.742834   -0.318358   -0.106119       0.005831
   143    0.636715   -0.212238    0.000000       0.005831
   144    0.530596   -0.106119    0.106119       0.005831
   145    0.424477    0.000000    0.212238       0.005831
   146    0.318358    0.106119    0.318358       0.005831
   147    0.212238    0.212238    0.424477       0.005831
   148    0.318358    0.318358   -0.955073       0.005831
   149    0.212238    0.424477   -0.848953       0.005831
   150    0.106119    0.530596   -0.742834       0.005831
   151    0.000000    0.636715   -0.636715       0.005831
   152   -0.106119    0.742834   -0.530596       0.005831
   153   -0.212238    0.848953   -0.424477       0.005831
   154   -0.318358    0.955073   -0.318358       0.005831
   155    0.424477    0.212238   -0.848953       0.005831
   156    0.318358    0.318358   -0.742834       0.005831
   157    0.212238    0.424477   -0.636715       0.005831
   158    0.106119    0.530596   -0.530596       0.005831
   159    0.000000    0.636715   -0.424477       0.005831
   160   -0.106119    0.742834   -0.318358       0.005831
   161   -0.212238    0.848953   -0.212238       0.005831
   162    0.530596    0.106119   -0.742834       0.005831
   163    0.424477    0.212238   -0.636715       0.005831
   164    0.318358    0.318358   -0.530596       0.005831
   165    0.212238    0.424477   -0.424477       0.005831
   166    0.106119    0.530596   -0.318358       0.005831
   167    0.000000    0.636715   -0.212238       0.005831
   168   -0.106119    0.742834   -0.106119       0.005831
   169    0.636715    0.000000   -0.636715       0.005831
   170    0.530596    0.106119   -0.530596       0.005831
   171    0.424477    0.212238   -0.424477       0.005831
   172    0.318358    0.318358   -0.318358       0.005831
   173    0.212238    0.424477   -0.212238       0.005831
   174    0.106119    0.530596   -0.106119       0.005831
   175    0.000000    0.636715    0.000000       0.005831
   176    0.742834   -0.106119   -0.530596       0.005831
   177    0.636715    0.000000   -0.424477       0.005831
   178    0.530596    0.106119   -0.318358       0.005831
   179    0.424477    0.212238   -0.212238       0.005831
   180    0.318358    0.318358   -0.106119       0.005831
   181    0.212238    0.424477    0.000000       0.005831
   182    0.106119    0.530596    0.106119       0.005831
   183    0.848953   -0.212238   -0.424477       0.005831
   184    0.742834   -0.106119   -0.318358       0.005831
   185    0.636715    0.000000   -0.212238       0.005831
   186    0.530596    0.106119   -0.106119       0.005831
   187    0.424477    0.212238    0.000000       0.005831
   188    0.318358    0.318358    0.106119       0.005831
   189    0.212238    0.424477    0.212238       0.005831
   190    0.955073   -0.318358   -0.318358       0.005831
   191    0.848953   -0.212238   -0.212238       0.005831
   192    0.742834   -0.106119   -0.106119       0.005831
   193    0.636715    0.000000    0.000000       0.005831
   194    0.530596    0.106119    0.106119       0.005831
   195    0.424477    0.212238    0.212238       0.005831
   196    0.318358    0.318358    0.318358       0.005831
