  1183
     1    0.000000    0.000000   -0.685693       0.000455
     2   -0.057141    0.057141   -0.628552       0.000455
     3   -0.114282    0.114282   -0.571411       0.000455
     4   -0.171423    0.171423   -0.514270       0.000455
     5   -0.228564    0.228564   -0.457129       0.000455
     6   -0.285705    0.285705   -0.399988       0.000455
     7   -0.342847    0.342847   -0.342847       0.000455
     8   -0.399988    0.399988   -0.285705       0.000455
     9   -0.457129    0.457129   -0.228564       0.000455
    10   -0.514270    0.514270   -0.171423       0.000455
    11   -0.571411    0.571411   -0.114282       0.000455
    12   -0.628552    0.628552   -0.057141       0.000455
    13   -0.685693    0.685693    0.000000       0.000455
    14    0.057141   -0.057141   -0.628552       0.000455
    15    0.000000    0.000000   -0.571411       0.000455
    16   -0.057141    0.057141   -0.514270       0.000455
    17   -0.114282    0.114282   -0.457129       0.000455
    18   -0.171423    0.171423   -0.399988       0.000455
    19   -0.228564    0.228564   -0.342847       0.000455
    20   -0.285705    0.285705   -0.285705       0.000455
    21   -0.342847    0.342847   -0.228564       0.000455
    22   -0.399988    0.399988   -0.171423       0.000455
    23   -0.457129    0.457129   -0.114282       0.000455
    24   -0.514270    0.514270   -0.057141       0.000455
    25   -0.571411    0.571411    0.000000       0.000455
    26   -0.628552    0.628552    0.057141       0.000455
    27    0.114282   -0.114282   -0.571411       0.000455
    28    0.057141   -0.057141   -0.514270       0.000455
    29    0.000000    0.000000   -0.457129       0.000455
    30   -0.057141    0.057141   -0.399988       0.000455
    31   -0.114282    0.114282   -0.342847       0.000455
    32   -0.171423    0.171423   -0.285705       0.000455
    33   -0.228564    0.228564   -0.228564       0.000455
    34   -0.285705    0.285705   -0.171423       0.000455
    35   -0.342847    0.342847   -0.114282       0.000455
    36   -0.399988    0.399988   -0.057141       0.000455
    37   -0.457129    0.457129    0.000000       0.000455
    38   -0.514270    0.514270    0.057141       0.000455
    39   -0.571411    0.571411    0.114282       0.000455
    40    0.171423   -0.171423   -0.514270       0.000455
    41    0.114282   -0.114282   -0.457129       0.000455
    42    0.057141   -0.057141   -0.399988       0.000455
    43    0.000000    0.000000   -0.342847       0.000455
    44   -0.057141    0.057141   -0.285705       0.000455
    45   -0.114282    0.114282   -0.228564       0.000455
    46   -0.171423    0.171423   -0.171423       0.000455
    47   -0.228564    0.228564   -0.114282       0.000455
    48   -0.285705    0.285705   -0.057141       0.000455
    49   -0.342847    0.342847    0.000000       0.000455
    50   -0.399988    0.399988    0.057141       0.000455
    51   -0.457129    0.457129    0.114282       0.000455
    52   -0.514270    0.514270    0.171423       0.000455
    53    0.228564   -0.228564   -0.457129       0.000455
    54    0.171423   -0.171423   -0.399988       0.000455
    55    0.114282   -0.114282   -0.342847       0.000455
    56    0.057141   -0.057141   -0.285705       0.000455
    57    0.000000    0.000000   -0.228564       0.000455
    58   -0.057141    0.057141   -0.171423       0.000455
    59   -0.114282    0.114282   -0.114282       0.000455
    60   -0.171423    0.171423   -0.057141       0.000455
    61   -0.228564    0.228564    0.000000       0.000455
    62   -0.285705    0.285705    0.057141       0.000455
    63   -0.342847    0.342847    0.114282       0.000455
    64   -0.399988    0.399988    0.171423       0.000455
    65   -0.457129    0.457129    0.228564       0.000455
    66    0.285705   -0.285705   -0.399988       0.000455
    67    0.228564   -0.228564   -0.342847       0.000455
    68    0.171423   -0.171423   -0.285705       0.000455
    69    0.114282   -0.114282   -0.228564       0.000455
    70    0.057141   -0.057141   -0.171423       0.000455
    71    0.000000    0.000000   -0.114282       0.000455
    72   -0.057141    0.057141   -0.057141       0.000455
    73   -0.114282    0.114282    0.000000       0.000455
    74   -0.171423    0.171423    0.057141       0.000455
    75   -0.228564    0.228564    0.114282       0.000455
    76   -0.285705    0.285705    0.171423       0.000455
    77   -0.342847    0.342847    0.228564       0.000455
    78   -0.399988    0.399988    0.285705       0.000455
    79    0.342847   -0.342847   -0.342847       0.000455
    80    0.285705   -0.285705   -0.285705       0.000455
    81    0.228564   -0.228564   -0.228564       0.000455
    82    0.171423   -0.171423   -0.171423       0.000455
    83    0.114282   -0.114282   -0.114282       0.000455
    84    0.057141   -0.057141   -0.057141       0.000455
    85    0.000000    0.000000    0.000000       0.000455
    86   -0.057141    0.057141    0.057141       0.000455
    87   -0.114282    0.114282    0.114282       0.000455
    88   -0.171423    0.171423    0.171423       0.000455
    89   -0.228564    0.228564    0.228564       0.000455
    90   -0.285705    0.285705    0.285705       0.000455
    91   -0.342847    0.342847    0.342847       0.000455
    92    0.399988   -0.399988   -0.285705       0.000455
    93    0.342847   -0.342847   -0.228564       0.000455
    94    0.285705   -0.285705   -0.171423       0.000455
    95    0.228564   -0.228564   -0.114282       0.000455
    96    0.171423   -0.171423   -0.057141       0.000455
    97    0.114282   -0.114282    0.000000       0.000455
    98    0.057141   -0.057141    0.057141       0.000455
    99    0.000000    0.000000    0.114282       0.000455
   100   -0.057141    0.057141    0.171423       0.000455
   101   -0.114282    0.114282    0.228564       0.000455
   102   -0.171423    0.171423    0.285705       0.000455
   103   -0.228564    0.228564    0.342847       0.000455
   104   -0.285705    0.285705    0.399988       0.000455
   105    0.457129   -0.457129   -0.228564       0.000455
   106    0.399988   -0.399988   -0.171423       0.000455
   107    0.342847   -0.342847   -0.114282       0.000455
   108    0.285705   -0.285705   -0.057141       0.000455
   109    0.228564   -0.228564    0.000000       0.000455
   110    0.171423   -0.171423    0.057141       0.000455
   111    0.114282   -0.114282    0.114282       0.000455
   112    0.057141   -0.057141    0.171423       0.000455
   113    0.000000    0.000000    0.228564       0.000455
   114   -0.057141    0.057141    0.285705       0.000455
   115   -0.114282    0.114282    0.342847       0.000455
   116   -0.171423    0.171423    0.399988       0.000455
   117   -0.228564    0.228564    0.457129       0.000455
   118    0.514270   -0.514270   -0.171423       0.000455
   119    0.457129   -0.457129   -0.114282       0.000455
   120    0.399988   -0.399988   -0.057141       0.000455
   121    0.342847   -0.342847    0.000000       0.000455
   122    0.285705   -0.285705    0.057141       0.000455
   123    0.228564   -0.228564    0.114282       0.000455
   124    0.171423   -0.171423    0.171423       0.000455
   125    0.114282   -0.114282    0.228564       0.000455
   126    0.057141   -0.057141    0.285705       0.000455
   127    0.000000    0.000000    0.342847       0.000455
   128   -0.057141    0.057141    0.399988       0.000455
   129   -0.114282    0.114282    0.457129       0.000455
   130   -0.171423    0.171423    0.514270       0.000455
   131    0.571411   -0.571411   -0.114282       0.000455
   132    0.514270   -0.514270   -0.057141       0.000455
   133    0.457129   -0.457129    0.000000       0.000455
   134    0.399988   -0.399988    0.057141       0.000455
   135    0.342847   -0.342847    0.114282       0.000455
   136    0.285705   -0.285705    0.171423       0.000455
   137    0.228564   -0.228564    0.228564       0.000455
   138    0.171423   -0.171423    0.285705       0.000455
   139    0.114282   -0.114282    0.342847       0.000455
   140    0.057141   -0.057141    0.399988       0.000455
   141    0.000000    0.000000    0.457129       0.000455
   142   -0.057141    0.057141    0.514270       0.000455
   143   -0.114282    0.114282    0.571411       0.000455
   144    0.628552   -0.628552   -0.057141       0.000455
   145    0.571411   -0.571411    0.000000       0.000455
   146    0.514270   -0.514270    0.057141       0.000455
   147    0.457129   -0.457129    0.114282       0.000455
   148    0.399988   -0.399988    0.171423       0.000455
   149    0.342847   -0.342847    0.228564       0.000455
   150    0.285705   -0.285705    0.285705       0.000455
   151    0.228564   -0.228564    0.342847       0.000455
   152    0.171423   -0.171423    0.399988       0.000455
   153    0.114282   -0.114282    0.457129       0.000455
   154    0.057141   -0.057141    0.514270       0.000455
   155    0.000000    0.000000    0.571411       0.000455
   156   -0.057141    0.057141    0.628552       0.000455
   157    0.685693   -0.685693    0.000000       0.000455
   158    0.628552   -0.628552    0.057141       0.000455
   159    0.571411   -0.571411    0.114282       0.000455
   160    0.514270   -0.514270    0.171423       0.000455
   161    0.457129   -0.457129    0.228564       0.000455
   162    0.399988   -0.399988    0.285705       0.000455
   163    0.342847   -0.342847    0.342847       0.000455
   164    0.285705   -0.285705    0.399988       0.000455
   165    0.228564   -0.228564    0.457129       0.000455
   166    0.171423   -0.171423    0.514270       0.000455
   167    0.114282   -0.114282    0.571411       0.000455
   168    0.057141   -0.057141    0.628552       0.000455
   169    0.000000    0.000000    0.685693       0.000455
   170    0.057141    0.057141   -0.742834       0.000910
   171   -0.000000    0.114282   -0.685693       0.000910
   172   -0.057141    0.171423   -0.628552       0.000910
   173   -0.114282    0.228564   -0.571411       0.000910
   174   -0.171423    0.285705   -0.514270       0.000910
   175   -0.228564    0.342847   -0.457129       0.000910
   176   -0.285705    0.399988   -0.399988       0.000910
   177   -0.342847    0.457129   -0.342847       0.000910
   178   -0.399988    0.514270   -0.285705       0.000910
   179   -0.457129    0.571411   -0.228564       0.000910
   180   -0.514270    0.628552   -0.171423       0.000910
   181   -0.571411    0.685693   -0.114282       0.000910
   182   -0.628552    0.742834   -0.057141       0.000910
   183    0.114282   -0.000000   -0.685693       0.000910
   184    0.057141    0.057141   -0.628552       0.000910
   185    0.000000    0.114282   -0.571411       0.000910
   186   -0.057141    0.171423   -0.514270       0.000910
   187   -0.114282    0.228564   -0.457129       0.000910
   188   -0.171423    0.285705   -0.399988       0.000910
   189   -0.228564    0.342847   -0.342847       0.000910
   190   -0.285705    0.399988   -0.285705       0.000910
   191   -0.342847    0.457129   -0.228564       0.000910
   192   -0.399988    0.514270   -0.171423       0.000910
   193   -0.457129    0.571411   -0.114282       0.000910
   194   -0.514270    0.628552   -0.057141       0.000910
   195   -0.571411    0.685693    0.000000       0.000910
   196    0.171423   -0.057141   -0.628552       0.000910
   197    0.114282    0.000000   -0.571411       0.000910
   198    0.057141    0.057141   -0.514270       0.000910
   199   -0.000000    0.114282   -0.457129       0.000910
   200   -0.057141    0.171423   -0.399988       0.000910
   201   -0.114282    0.228564   -0.342847       0.000910
   202   -0.171423    0.285705   -0.285705       0.000910
   203   -0.228564    0.342847   -0.228564       0.000910
   204   -0.285705    0.399988   -0.171423       0.000910
   205   -0.342847    0.457129   -0.114282       0.000910
   206   -0.399988    0.514270   -0.057141       0.000910
   207   -0.457129    0.571411   -0.000000       0.000910
   208   -0.514270    0.628552    0.057141       0.000910
   209    0.228564   -0.114282   -0.571411       0.000910
   210    0.171423   -0.057141   -0.514270       0.000910
   211    0.114282   -0.000000   -0.457129       0.000910
   212    0.057141    0.057141   -0.399988       0.000910
   213    0.000000    0.114282   -0.342847       0.000910
   214   -0.057141    0.171423   -0.285705       0.000910
   215   -0.114282    0.228564   -0.228564       0.000910
   216   -0.171423    0.285705   -0.171423       0.000910
   217   -0.228564    0.342847   -0.114282       0.000910
   218   -0.285705    0.399988   -0.057141       0.000910
   219   -0.342847    0.457129    0.000000       0.000910
   220   -0.399988    0.514270    0.057141       0.000910
   221   -0.457129    0.571411    0.114282       0.000910
   222    0.285705   -0.171423   -0.514270       0.000910
   223    0.228564   -0.114282   -0.457129       0.000910
   224    0.171423   -0.057141   -0.399988       0.000910
   225    0.114282    0.000000   -0.342847       0.000910
   226    0.057141    0.057141   -0.285705       0.000910
   227    0.000000    0.114282   -0.228564       0.000910
   228   -0.057141    0.171423   -0.171423       0.000910
   229   -0.114282    0.228564   -0.114282       0.000910
   230   -0.171423    0.285705   -0.057141       0.000910
   231   -0.228564    0.342847   -0.000000       0.000910
   232   -0.285705    0.399988    0.057141       0.000910
   233   -0.342847    0.457129    0.114282       0.000910
   234   -0.399988    0.514270    0.171423       0.000910
   235    0.342847   -0.228564   -0.457129       0.000910
   236    0.285705   -0.171423   -0.399988       0.000910
   237    0.228564   -0.114282   -0.342847       0.000910
   238    0.171423   -0.057141   -0.285705       0.000910
   239    0.114282    0.000000   -0.228564       0.000910
   240    0.057141    0.057141   -0.171423       0.000910
   241    0.000000    0.114282   -0.114282       0.000910
   242   -0.057141    0.171423   -0.057141       0.000910
   243   -0.114282    0.228564    0.000000       0.000910
   244   -0.171423    0.285705    0.057141       0.000910
   245   -0.228564    0.342847    0.114282       0.000910
   246   -0.285705    0.399988    0.171423       0.000910
   247   -0.342847    0.457129    0.228564       0.000910
   248    0.399988   -0.285705   -0.399988       0.000910
   249    0.342847   -0.228564   -0.342847       0.000910
   250    0.285705   -0.171423   -0.285705       0.000910
   251    0.228564   -0.114282   -0.228564       0.000910
   252    0.171423   -0.057141   -0.171423       0.000910
   253    0.114282    0.000000   -0.114282       0.000910
   254    0.057141    0.057141   -0.057141       0.000910
   255    0.000000    0.114282    0.000000       0.000910
   256   -0.057141    0.171423    0.057141       0.000910
   257   -0.114282    0.228564    0.114282       0.000910
   258   -0.171423    0.285705    0.171423       0.000910
   259   -0.228564    0.342847    0.228564       0.000910
   260   -0.285705    0.399988    0.285705       0.000910
   261    0.457129   -0.342847   -0.342847       0.000910
   262    0.399988   -0.285705   -0.285705       0.000910
   263    0.342847   -0.228564   -0.228564       0.000910
   264    0.285705   -0.171423   -0.171423       0.000910
   265    0.228564   -0.114282   -0.114282       0.000910
   266    0.171423   -0.057141   -0.057141       0.000910
   267    0.114282    0.000000    0.000000       0.000910
   268    0.057141    0.057141    0.057141       0.000910
   269    0.000000    0.114282    0.114282       0.000910
   270   -0.057141    0.171423    0.171423       0.000910
   271   -0.114282    0.228564    0.228564       0.000910
   272   -0.171423    0.285705    0.285705       0.000910
   273   -0.228564    0.342847    0.342847       0.000910
   274    0.514270   -0.399988   -0.285705       0.000910
   275    0.457129   -0.342847   -0.228564       0.000910
   276    0.399988   -0.285705   -0.171423       0.000910
   277    0.342847   -0.228564   -0.114282       0.000910
   278    0.285705   -0.171423   -0.057141       0.000910
   279    0.228564   -0.114282    0.000000       0.000910
   280    0.171423   -0.057141    0.057141       0.000910
   281    0.114282    0.000000    0.114282       0.000910
   282    0.057141    0.057141    0.171423       0.000910
   283    0.000000    0.114282    0.228564       0.000910
   284   -0.057141    0.171423    0.285705       0.000910
   285   -0.114282    0.228564    0.342847       0.000910
   286   -0.171423    0.285705    0.399988       0.000910
   287    0.571411   -0.457129   -0.228564       0.000910
   288    0.514270   -0.399988   -0.171423       0.000910
   289    0.457129   -0.342847   -0.114282       0.000910
   290    0.399988   -0.285705   -0.057141       0.000910
   291    0.342847   -0.228564   -0.000000       0.000910
   292    0.285705   -0.171423    0.057141       0.000910
   293    0.228564   -0.114282    0.114282       0.000910
   294    0.171423   -0.057141    0.171423       0.000910
   295    0.114282    0.000000    0.228564       0.000910
   296    0.057141    0.057141    0.285705       0.000910
   297   -0.000000    0.114282    0.342847       0.000910
   298   -0.057141    0.171423    0.399988       0.000910
   299   -0.114282    0.228564    0.457129       0.000910
   300    0.628552   -0.514270   -0.171423       0.000910
   301    0.571411   -0.457129   -0.114282       0.000910
   302    0.514270   -0.399988   -0.057141       0.000910
   303    0.457129   -0.342847    0.000000       0.000910
   304    0.399988   -0.285705    0.057141       0.000910
   305    0.342847   -0.228564    0.114282       0.000910
   306    0.285705   -0.171423    0.171423       0.000910
   307    0.228564   -0.114282    0.228564       0.000910
   308    0.171423   -0.057141    0.285705       0.000910
   309    0.114282   -0.000000    0.342847       0.000910
   310    0.057141    0.057141    0.399988       0.000910
   311    0.000000    0.114282    0.457129       0.000910
   312   -0.057141    0.171423    0.514270       0.000910
   313    0.685693   -0.571411   -0.114282       0.000910
   314    0.628552   -0.514270   -0.057141       0.000910
   315    0.571411   -0.457129   -0.000000       0.000910
   316    0.514270   -0.399988    0.057141       0.000910
   317    0.457129   -0.342847    0.114282       0.000910
   318    0.399988   -0.285705    0.171423       0.000910
   319    0.342847   -0.228564    0.228564       0.000910
   320    0.285705   -0.171423    0.285705       0.000910
   321    0.228564   -0.114282    0.342847       0.000910
   322    0.171423   -0.057141    0.399988       0.000910
   323    0.114282    0.000000    0.457129       0.000910
   324    0.057141    0.057141    0.514270       0.000910
   325   -0.000000    0.114282    0.571411       0.000910
   326    0.742834   -0.628552   -0.057141       0.000910
   327    0.685693   -0.571411    0.000000       0.000910
   328    0.628552   -0.514270    0.057141       0.000910
   329    0.571411   -0.457129    0.114282       0.000910
   330    0.514270   -0.399988    0.171423       0.000910
   331    0.457129   -0.342847    0.228564       0.000910
   332    0.399988   -0.285705    0.285705       0.000910
   333    0.342847   -0.228564    0.342847       0.000910
   334    0.285705   -0.171423    0.399988       0.000910
   335    0.228564   -0.114282    0.457129       0.000910
   336    0.171423   -0.057141    0.514270       0.000910
   337    0.114282   -0.000000    0.571411       0.000910
   338    0.057141    0.057141    0.628552       0.000910
   339    0.114282    0.114282   -0.799975       0.000910
   340    0.057141    0.171423   -0.742834       0.000910
   341    0.000000    0.228564   -0.685693       0.000910
   342   -0.057141    0.285705   -0.628552       0.000910
   343   -0.114282    0.342847   -0.571411       0.000910
   344   -0.171423    0.399988   -0.514270       0.000910
   345   -0.228564    0.457129   -0.457129       0.000910
   346   -0.285705    0.514270   -0.399988       0.000910
   347   -0.342847    0.571411   -0.342847       0.000910
   348   -0.399988    0.628552   -0.285705       0.000910
   349   -0.457129    0.685693   -0.228564       0.000910
   350   -0.514270    0.742834   -0.171423       0.000910
   351   -0.571411    0.799975   -0.114282       0.000910
   352    0.171423    0.057141   -0.742834       0.000910
   353    0.114282    0.114282   -0.685693       0.000910
   354    0.057141    0.171423   -0.628552       0.000910
   355    0.000000    0.228564   -0.571411       0.000910
   356   -0.057141    0.285705   -0.514270       0.000910
   357   -0.114282    0.342847   -0.457129       0.000910
   358   -0.171423    0.399988   -0.399988       0.000910
   359   -0.228564    0.457129   -0.342847       0.000910
   360   -0.285705    0.514270   -0.285705       0.000910
   361   -0.342847    0.571411   -0.228564       0.000910
   362   -0.399988    0.628552   -0.171423       0.000910
   363   -0.457129    0.685693   -0.114282       0.000910
   364   -0.514270    0.742834   -0.057141       0.000910
   365    0.228564    0.000000   -0.685693       0.000910
   366    0.171423    0.057141   -0.628552       0.000910
   367    0.114282    0.114282   -0.571411       0.000910
   368    0.057141    0.171423   -0.514270       0.000910
   369    0.000000    0.228564   -0.457129       0.000910
   370   -0.057141    0.285705   -0.399988       0.000910
   371   -0.114282    0.342847   -0.342847       0.000910
   372   -0.171423    0.399988   -0.285705       0.000910
   373   -0.228564    0.457129   -0.228564       0.000910
   374   -0.285705    0.514270   -0.171423       0.000910
   375   -0.342847    0.571411   -0.114282       0.000910
   376   -0.399988    0.628552   -0.057141       0.000910
   377   -0.457129    0.685693   -0.000000       0.000910
   378    0.285705   -0.057141   -0.628552       0.000910
   379    0.228564    0.000000   -0.571411       0.000910
   380    0.171423    0.057141   -0.514270       0.000910
   381    0.114282    0.114282   -0.457129       0.000910
   382    0.057141    0.171423   -0.399988       0.000910
   383    0.000000    0.228564   -0.342847       0.000910
   384   -0.057141    0.285705   -0.285705       0.000910
   385   -0.114282    0.342847   -0.228564       0.000910
   386   -0.171423    0.399988   -0.171423       0.000910
   387   -0.228564    0.457129   -0.114282       0.000910
   388   -0.285705    0.514270   -0.057141       0.000910
   389   -0.342847    0.571411   -0.000000       0.000910
   390   -0.399988    0.628552    0.057141       0.000910
   391    0.342847   -0.114282   -0.571411       0.000910
   392    0.285705   -0.057141   -0.514270       0.000910
   393    0.228564    0.000000   -0.457129       0.000910
   394    0.171423    0.057141   -0.399988       0.000910
   395    0.114282    0.114282   -0.342847       0.000910
   396    0.057141    0.171423   -0.285705       0.000910
   397    0.000000    0.228564   -0.228564       0.000910
   398   -0.057141    0.285705   -0.171423       0.000910
   399   -0.114282    0.342847   -0.114282       0.000910
   400   -0.171423    0.399988   -0.057141       0.000910
   401   -0.228564    0.457129    0.000000       0.000910
   402   -0.285705    0.514270    0.057141       0.000910
   403   -0.342847    0.571411    0.114282       0.000910
   404    0.399988   -0.171423   -0.514270       0.000910
   405    0.342847   -0.114282   -0.457129       0.000910
   406    0.285705   -0.057141   -0.399988       0.000910
   407    0.228564    0.000000   -0.342847       0.000910
   408    0.171423    0.057141   -0.285705       0.000910
   409    0.114282    0.114282   -0.228564       0.000910
   410    0.057141    0.171423   -0.171423       0.000910
   411    0.000000    0.228564   -0.114282       0.000910
   412   -0.057141    0.285705   -0.057141       0.000910
   413   -0.114282    0.342847   -0.000000       0.000910
   414   -0.171423    0.399988    0.057141       0.000910
   415   -0.228564    0.457129    0.114282       0.000910
   416   -0.285705    0.514270    0.171423       0.000910
   417    0.457129   -0.228564   -0.457129       0.000910
   418    0.399988   -0.171423   -0.399988       0.000910
   419    0.342847   -0.114282   -0.342847       0.000910
   420    0.285705   -0.057141   -0.285705       0.000910
   421    0.228564    0.000000   -0.228564       0.000910
   422    0.171423    0.057141   -0.171423       0.000910
   423    0.114282    0.114282   -0.114282       0.000910
   424    0.057141    0.171423   -0.057141       0.000910
   425    0.000000    0.228564    0.000000       0.000910
   426   -0.057141    0.285705    0.057141       0.000910
   427   -0.114282    0.342847    0.114282       0.000910
   428   -0.171423    0.399988    0.171423       0.000910
   429   -0.228564    0.457129    0.228564       0.000910
   430    0.514270   -0.285705   -0.399988       0.000910
   431    0.457129   -0.228564   -0.342847       0.000910
   432    0.399988   -0.171423   -0.285705       0.000910
   433    0.342847   -0.114282   -0.228564       0.000910
   434    0.285705   -0.057141   -0.171423       0.000910
   435    0.228564    0.000000   -0.114282       0.000910
   436    0.171423    0.057141   -0.057141       0.000910
   437    0.114282    0.114282    0.000000       0.000910
   438    0.057141    0.171423    0.057141       0.000910
   439    0.000000    0.228564    0.114282       0.000910
   440   -0.057141    0.285705    0.171423       0.000910
   441   -0.114282    0.342847    0.228564       0.000910
   442   -0.171423    0.399988    0.285705       0.000910
   443    0.571411   -0.342847   -0.342847       0.000910
   444    0.514270   -0.285705   -0.285705       0.000910
   445    0.457129   -0.228564   -0.228564       0.000910
   446    0.399988   -0.171423   -0.171423       0.000910
   447    0.342847   -0.114282   -0.114282       0.000910
   448    0.285705   -0.057141   -0.057141       0.000910
   449    0.228564    0.000000    0.000000       0.000910
   450    0.171423    0.057141    0.057141       0.000910
   451    0.114282    0.114282    0.114282       0.000910
   452    0.057141    0.171423    0.171423       0.000910
   453    0.000000    0.228564    0.228564       0.000910
   454   -0.057141    0.285705    0.285705       0.000910
   455   -0.114282    0.342847    0.342847       0.000910
   456    0.628552   -0.399988   -0.285705       0.000910
   457    0.571411   -0.342847   -0.228564       0.000910
   458    0.514270   -0.285705   -0.171423       0.000910
   459    0.457129   -0.228564   -0.114282       0.000910
   460    0.399988   -0.171423   -0.057141       0.000910
   461    0.342847   -0.114282   -0.000000       0.000910
   462    0.285705   -0.057141    0.057141       0.000910
   463    0.228564    0.000000    0.114282       0.000910
   464    0.171423    0.057141    0.171423       0.000910
   465    0.114282    0.114282    0.228564       0.000910
   466    0.057141    0.171423    0.285705       0.000910
   467    0.000000    0.228564    0.342847       0.000910
   468   -0.057141    0.285705    0.399988       0.000910
   469    0.685693   -0.457129   -0.228564       0.000910
   470    0.628552   -0.399988   -0.171423       0.000910
   471    0.571411   -0.342847   -0.114282       0.000910
   472    0.514270   -0.285705   -0.057141       0.000910
   473    0.457129   -0.228564    0.000000       0.000910
   474    0.399988   -0.171423    0.057141       0.000910
   475    0.342847   -0.114282    0.114282       0.000910
   476    0.285705   -0.057141    0.171423       0.000910
   477    0.228564    0.000000    0.228564       0.000910
   478    0.171423    0.057141    0.285705       0.000910
   479    0.114282    0.114282    0.342847       0.000910
   480    0.057141    0.171423    0.399988       0.000910
   481    0.000000    0.228564    0.457129       0.000910
   482    0.742834   -0.514270   -0.171423       0.000910
   483    0.685693   -0.457129   -0.114282       0.000910
   484    0.628552   -0.399988   -0.057141       0.000910
   485    0.571411   -0.342847   -0.000000       0.000910
   486    0.514270   -0.285705    0.057141       0.000910
   487    0.457129   -0.228564    0.114282       0.000910
   488    0.399988   -0.171423    0.171423       0.000910
   489    0.342847   -0.114282    0.228564       0.000910
   490    0.285705   -0.057141    0.285705       0.000910
   491    0.228564    0.000000    0.342847       0.000910
   492    0.171423    0.057141    0.399988       0.000910
   493    0.114282    0.114282    0.457129       0.000910
   494    0.057141    0.171423    0.514270       0.000910
   495    0.799975   -0.571411   -0.114282       0.000910
   496    0.742834   -0.514270   -0.057141       0.000910
   497    0.685693   -0.457129   -0.000000       0.000910
   498    0.628552   -0.399988    0.057141       0.000910
   499    0.571411   -0.342847    0.114282       0.000910
   500    0.514270   -0.285705    0.171423       0.000910
   501    0.457129   -0.228564    0.228564       0.000910
   502    0.399988   -0.171423    0.285705       0.000910
   503    0.342847   -0.114282    0.342847       0.000910
   504    0.285705   -0.057141    0.399988       0.000910
   505    0.228564    0.000000    0.457129       0.000910
   506    0.171423    0.057141    0.514270       0.000910
   507    0.114282    0.114282    0.571411       0.000910
   508    0.171423    0.171423   -0.857116       0.000910
   509    0.114282    0.228564   -0.799975       0.000910
   510    0.057141    0.285705   -0.742834       0.000910
   511    0.000000    0.342847   -0.685693       0.000910
   512   -0.057141    0.399988   -0.628552       0.000910
   513   -0.114282    0.457129   -0.571411       0.000910
   514   -0.171423    0.514270   -0.514270       0.000910
   515   -0.228564    0.571411   -0.457129       0.000910
   516   -0.285705    0.628552   -0.399988       0.000910
   517   -0.342847    0.685693   -0.342847       0.000910
   518   -0.399988    0.742834   -0.285705       0.000910
   519   -0.457129    0.799975   -0.228564       0.000910
   520   -0.514270    0.857116   -0.171423       0.000910
   521    0.228564    0.114282   -0.799975       0.000910
   522    0.171423    0.171423   -0.742834       0.000910
   523    0.114282    0.228564   -0.685693       0.000910
   524    0.057141    0.285705   -0.628552       0.000910
   525    0.000000    0.342847   -0.571411       0.000910
   526   -0.057141    0.399988   -0.514270       0.000910
   527   -0.114282    0.457129   -0.457129       0.000910
   528   -0.171423    0.514270   -0.399988       0.000910
   529   -0.228564    0.571411   -0.342847       0.000910
   530   -0.285705    0.628552   -0.285705       0.000910
   531   -0.342847    0.685693   -0.228564       0.000910
   532   -0.399988    0.742834   -0.171423       0.000910
   533   -0.457129    0.799975   -0.114282       0.000910
   534    0.285705    0.057141   -0.742834       0.000910
   535    0.228564    0.114282   -0.685693       0.000910
   536    0.171423    0.171423   -0.628552       0.000910
   537    0.114282    0.228564   -0.571411       0.000910
   538    0.057141    0.285705   -0.514270       0.000910
   539    0.000000    0.342847   -0.457129       0.000910
   540   -0.057141    0.399988   -0.399988       0.000910
   541   -0.114282    0.457129   -0.342847       0.000910
   542   -0.171423    0.514270   -0.285705       0.000910
   543   -0.228564    0.571411   -0.228564       0.000910
   544   -0.285705    0.628552   -0.171423       0.000910
   545   -0.342847    0.685693   -0.114282       0.000910
   546   -0.399988    0.742834   -0.057141       0.000910
   547    0.342847    0.000000   -0.685693       0.000910
   548    0.285705    0.057141   -0.628552       0.000910
   549    0.228564    0.114282   -0.571411       0.000910
   550    0.171423    0.171423   -0.514270       0.000910
   551    0.114282    0.228564   -0.457129       0.000910
   552    0.057141    0.285705   -0.399988       0.000910
   553    0.000000    0.342847   -0.342847       0.000910
   554   -0.057141    0.399988   -0.285705       0.000910
   555   -0.114282    0.457129   -0.228564       0.000910
   556   -0.171423    0.514270   -0.171423       0.000910
   557   -0.228564    0.571411   -0.114282       0.000910
   558   -0.285705    0.628552   -0.057141       0.000910
   559   -0.342847    0.685693    0.000000       0.000910
   560    0.399988   -0.057141   -0.628552       0.000910
   561    0.342847    0.000000   -0.571411       0.000910
   562    0.285705    0.057141   -0.514270       0.000910
   563    0.228564    0.114282   -0.457129       0.000910
   564    0.171423    0.171423   -0.399988       0.000910
   565    0.114282    0.228564   -0.342847       0.000910
   566    0.057141    0.285705   -0.285705       0.000910
   567    0.000000    0.342847   -0.228564       0.000910
   568   -0.057141    0.399988   -0.171423       0.000910
   569   -0.114282    0.457129   -0.114282       0.000910
   570   -0.171423    0.514270   -0.057141       0.000910
   571   -0.228564    0.571411   -0.000000       0.000910
   572   -0.285705    0.628552    0.057141       0.000910
   573    0.457129   -0.114282   -0.571411       0.000910
   574    0.399988   -0.057141   -0.514270       0.000910
   575    0.342847    0.000000   -0.457129       0.000910
   576    0.285705    0.057141   -0.399988       0.000910
   577    0.228564    0.114282   -0.342847       0.000910
   578    0.171423    0.171423   -0.285705       0.000910
   579    0.114282    0.228564   -0.228564       0.000910
   580    0.057141    0.285705   -0.171423       0.000910
   581    0.000000    0.342847   -0.114282       0.000910
   582   -0.057141    0.399988   -0.057141       0.000910
   583   -0.114282    0.457129    0.000000       0.000910
   584   -0.171423    0.514270    0.057141       0.000910
   585   -0.228564    0.571411    0.114282       0.000910
   586    0.514270   -0.171423   -0.514270       0.000910
   587    0.457129   -0.114282   -0.457129       0.000910
   588    0.399988   -0.057141   -0.399988       0.000910
   589    0.342847    0.000000   -0.342847       0.000910
   590    0.285705    0.057141   -0.285705       0.000910
   591    0.228564    0.114282   -0.228564       0.000910
   592    0.171423    0.171423   -0.171423       0.000910
   593    0.114282    0.228564   -0.114282       0.000910
   594    0.057141    0.285705   -0.057141       0.000910
   595    0.000000    0.342847    0.000000       0.000910
   596   -0.057141    0.399988    0.057141       0.000910
   597   -0.114282    0.457129    0.114282       0.000910
   598   -0.171423    0.514270    0.171423       0.000910
   599    0.571411   -0.228564   -0.457129       0.000910
   600    0.514270   -0.171423   -0.399988       0.000910
   601    0.457129   -0.114282   -0.342847       0.000910
   602    0.399988   -0.057141   -0.285705       0.000910
   603    0.342847    0.000000   -0.228564       0.000910
   604    0.285705    0.057141   -0.171423       0.000910
   605    0.228564    0.114282   -0.114282       0.000910
   606    0.171423    0.171423   -0.057141       0.000910
   607    0.114282    0.228564    0.000000       0.000910
   608    0.057141    0.285705    0.057141       0.000910
   609    0.000000    0.342847    0.114282       0.000910
   610   -0.057141    0.399988    0.171423       0.000910
   611   -0.114282    0.457129    0.228564       0.000910
   612    0.628552   -0.285705   -0.399988       0.000910
   613    0.571411   -0.228564   -0.342847       0.000910
   614    0.514270   -0.171423   -0.285705       0.000910
   615    0.457129   -0.114282   -0.228564       0.000910
   616    0.399988   -0.057141   -0.171423       0.000910
   617    0.342847    0.000000   -0.114282       0.000910
   618    0.285705    0.057141   -0.057141       0.000910
   619    0.228564    0.114282    0.000000       0.000910
   620    0.171423    0.171423    0.057141       0.000910
   621    0.114282    0.228564    0.114282       0.000910
   622    0.057141    0.285705    0.171423       0.000910
   623    0.000000    0.342847    0.228564       0.000910
   624   -0.057141    0.399988    0.285705       0.000910
   625    0.685693   -0.342847   -0.342847       0.000910
   626    0.628552   -0.285705   -0.285705       0.000910
   627    0.571411   -0.228564   -0.228564       0.000910
   628    0.514270   -0.171423   -0.171423       0.000910
   629    0.457129   -0.114282   -0.114282       0.000910
   630    0.399988   -0.057141   -0.057141       0.000910
   631    0.342847    0.000000    0.000000       0.000910
   632    0.285705    0.057141    0.057141       0.000910
   633    0.228564    0.114282    0.114282       0.000910
   634    0.171423    0.171423    0.171423       0.000910
   635    0.114282    0.228564    0.228564       0.000910
   636    0.057141    0.285705    0.285705       0.000910
   637    0.000000    0.342847    0.342847       0.000910
   638    0.742834   -0.399988   -0.285705       0.000910
   639    0.685693   -0.342847   -0.228564       0.000910
   640    0.628552   -0.285705   -0.171423       0.000910
   641    0.571411   -0.228564   -0.114282       0.000910
   642    0.514270   -0.171423   -0.057141       0.000910
   643    0.457129   -0.114282    0.000000       0.000910
   644    0.399988   -0.057141    0.057141       0.000910
   645    0.342847    0.000000    0.114282       0.000910
   646    0.285705    0.057141    0.171423       0.000910
   647    0.228564    0.114282    0.228564       0.000910
   648    0.171423    0.171423    0.285705       0.000910
   649    0.114282    0.228564    0.342847       0.000910
   650    0.057141    0.285705    0.399988       0.000910
   651    0.799975   -0.457129   -0.228564       0.000910
   652    0.742834   -0.399988   -0.171423       0.000910
   653    0.685693   -0.342847   -0.114282       0.000910
   654    0.628552   -0.285705   -0.057141       0.000910
   655    0.571411   -0.228564   -0.000000       0.000910
   656    0.514270   -0.171423    0.057141       0.000910
   657    0.457129   -0.114282    0.114282       0.000910
   658    0.399988   -0.057141    0.171423       0.000910
   659    0.342847    0.000000    0.228564       0.000910
   660    0.285705    0.057141    0.285705       0.000910
   661    0.228564    0.114282    0.342847       0.000910
   662    0.171423    0.171423    0.399988       0.000910
   663    0.114282    0.228564    0.457129       0.000910
   664    0.857116   -0.514270   -0.171423       0.000910
   665    0.799975   -0.457129   -0.114282       0.000910
   666    0.742834   -0.399988   -0.057141       0.000910
   667    0.685693   -0.342847    0.000000       0.000910
   668    0.628552   -0.285705    0.057141       0.000910
   669    0.571411   -0.228564    0.114282       0.000910
   670    0.514270   -0.171423    0.171423       0.000910
   671    0.457129   -0.114282    0.228564       0.000910
   672    0.399988   -0.057141    0.285705       0.000910
   673    0.342847    0.000000    0.342847       0.000910
   674    0.285705    0.057141    0.399988       0.000910
   675    0.228564    0.114282    0.457129       0.000910
   676    0.171423    0.171423    0.514270       0.000910
   677    0.228564    0.228564   -0.914258       0.000910
   678    0.171423    0.285705   -0.857116       0.000910
   679    0.114282    0.342847   -0.799975       0.000910
   680    0.057141    0.399988   -0.742834       0.000910
   681    0.000000    0.457129   -0.685693       0.000910
   682   -0.057141    0.514270   -0.628552       0.000910
   683   -0.114282    0.571411   -0.571411       0.000910
   684   -0.171423    0.628552   -0.514270       0.000910
   685   -0.228564    0.685693   -0.457129       0.000910
   686   -0.285705    0.742834   -0.399988       0.000910
   687   -0.342847    0.799975   -0.342847       0.000910
   688   -0.399988    0.857116   -0.285705       0.000910
   689   -0.457129    0.914258   -0.228564       0.000910
   690    0.285705    0.171423   -0.857116       0.000910
   691    0.228564    0.228564   -0.799975       0.000910
   692    0.171423    0.285705   -0.742834       0.000910
   693    0.114282    0.342847   -0.685693       0.000910
   694    0.057141    0.399988   -0.628552       0.000910
   695    0.000000    0.457129   -0.571411       0.000910
   696   -0.057141    0.514270   -0.514270       0.000910
   697   -0.114282    0.571411   -0.457129       0.000910
   698   -0.171423    0.628552   -0.399988       0.000910
   699   -0.228564    0.685693   -0.342847       0.000910
   700   -0.285705    0.742834   -0.285705       0.000910
   701   -0.342847    0.799975   -0.228564       0.000910
   702   -0.399988    0.857116   -0.171423       0.000910
   703    0.342847    0.114282   -0.799975       0.000910
   704    0.285705    0.171423   -0.742834       0.000910
   705    0.228564    0.228564   -0.685693       0.000910
   706    0.171423    0.285705   -0.628552       0.000910
   707    0.114282    0.342847   -0.571411       0.000910
   708    0.057141    0.399988   -0.514270       0.000910
   709    0.000000    0.457129   -0.457129       0.000910
   710   -0.057141    0.514270   -0.399988       0.000910
   711   -0.114282    0.571411   -0.342847       0.000910
   712   -0.171423    0.628552   -0.285705       0.000910
   713   -0.228564    0.685693   -0.228564       0.000910
   714   -0.285705    0.742834   -0.171423       0.000910
   715   -0.342847    0.799975   -0.114282       0.000910
   716    0.399988    0.057141   -0.742834       0.000910
   717    0.342847    0.114282   -0.685693       0.000910
   718    0.285705    0.171423   -0.628552       0.000910
   719    0.228564    0.228564   -0.571411       0.000910
   720    0.171423    0.285705   -0.514270       0.000910
   721    0.114282    0.342847   -0.457129       0.000910
   722    0.057141    0.399988   -0.399988       0.000910
   723    0.000000    0.457129   -0.342847       0.000910
   724   -0.057141    0.514270   -0.285705       0.000910
   725   -0.114282    0.571411   -0.228564       0.000910
   726   -0.171423    0.628552   -0.171423       0.000910
   727   -0.228564    0.685693   -0.114282       0.000910
   728   -0.285705    0.742834   -0.057141       0.000910
   729    0.457129    0.000000   -0.685693       0.000910
   730    0.399988    0.057141   -0.628552       0.000910
   731    0.342847    0.114282   -0.571411       0.000910
   732    0.285705    0.171423   -0.514270       0.000910
   733    0.228564    0.228564   -0.457129       0.000910
   734    0.171423    0.285705   -0.399988       0.000910
   735    0.114282    0.342847   -0.342847       0.000910
   736    0.057141    0.399988   -0.285705       0.000910
   737    0.000000    0.457129   -0.228564       0.000910
   738   -0.057141    0.514270   -0.171423       0.000910
   739   -0.114282    0.571411   -0.114282       0.000910
   740   -0.171423    0.628552   -0.057141       0.000910
   741   -0.228564    0.685693   -0.000000       0.000910
   742    0.514270   -0.057141   -0.628552       0.000910
   743    0.457129    0.000000   -0.571411       0.000910
   744    0.399988    0.057141   -0.514270       0.000910
   745    0.342847    0.114282   -0.457129       0.000910
   746    0.285705    0.171423   -0.399988       0.000910
   747    0.228564    0.228564   -0.342847       0.000910
   748    0.171423    0.285705   -0.285705       0.000910
   749    0.114282    0.342847   -0.228564       0.000910
   750    0.057141    0.399988   -0.171423       0.000910
   751    0.000000    0.457129   -0.114282       0.000910
   752   -0.057141    0.514270   -0.057141       0.000910
   753   -0.114282    0.571411   -0.000000       0.000910
   754   -0.171423    0.628552    0.057141       0.000910
   755    0.571411   -0.114282   -0.571411       0.000910
   756    0.514270   -0.057141   -0.514270       0.000910
   757    0.457129    0.000000   -0.457129       0.000910
   758    0.399988    0.057141   -0.399988       0.000910
   759    0.342847    0.114282   -0.342847       0.000910
   760    0.285705    0.171423   -0.285705       0.000910
   761    0.228564    0.228564   -0.228564       0.000910
   762    0.171423    0.285705   -0.171423       0.000910
   763    0.114282    0.342847   -0.114282       0.000910
   764    0.057141    0.399988   -0.057141       0.000910
   765    0.000000    0.457129    0.000000       0.000910
   766   -0.057141    0.514270    0.057141       0.000910
   767   -0.114282    0.571411    0.114282       0.000910
   768    0.628552   -0.171423   -0.514270       0.000910
   769    0.571411   -0.114282   -0.457129       0.000910
   770    0.514270   -0.057141   -0.399988       0.000910
   771    0.457129    0.000000   -0.342847       0.000910
   772    0.399988    0.057141   -0.285705       0.000910
   773    0.342847    0.114282   -0.228564       0.000910
   774    0.285705    0.171423   -0.171423       0.000910
   775    0.228564    0.228564   -0.114282       0.000910
   776    0.171423    0.285705   -0.057141       0.000910
   777    0.114282    0.342847    0.000000       0.000910
   778    0.057141    0.399988    0.057141       0.000910
   779    0.000000    0.457129    0.114282       0.000910
   780   -0.057141    0.514270    0.171423       0.000910
   781    0.685693   -0.228564   -0.457129       0.000910
   782    0.628552   -0.171423   -0.399988       0.000910
   783    0.571411   -0.114282   -0.342847       0.000910
   784    0.514270   -0.057141   -0.285705       0.000910
   785    0.457129    0.000000   -0.228564       0.000910
   786    0.399988    0.057141   -0.171423       0.000910
   787    0.342847    0.114282   -0.114282       0.000910
   788    0.285705    0.171423   -0.057141       0.000910
   789    0.228564    0.228564    0.000000       0.000910
   790    0.171423    0.285705    0.057141       0.000910
   791    0.114282    0.342847    0.114282       0.000910
   792    0.057141    0.399988    0.171423       0.000910
   793    0.000000    0.457129    0.228564       0.000910
   794    0.742834   -0.285705   -0.399988       0.000910
   795    0.685693   -0.228564   -0.342847       0.000910
   796    0.628552   -0.171423   -0.285705       0.000910
   797    0.571411   -0.114282   -0.228564       0.000910
   798    0.514270   -0.057141   -0.171423       0.000910
   799    0.457129    0.000000   -0.114282       0.000910
   800    0.399988    0.057141   -0.057141       0.000910
   801    0.342847    0.114282    0.000000       0.000910
   802    0.285705    0.171423    0.057141       0.000910
   803    0.228564    0.228564    0.114282       0.000910
   804    0.171423    0.285705    0.171423       0.000910
   805    0.114282    0.342847    0.228564       0.000910
   806    0.057141    0.399988    0.285705       0.000910
   807    0.799975   -0.342847   -0.342847       0.000910
   808    0.742834   -0.285705   -0.285705       0.000910
   809    0.685693   -0.228564   -0.228564       0.000910
   810    0.628552   -0.171423   -0.171423       0.000910
   811    0.571411   -0.114282   -0.114282       0.000910
   812    0.514270   -0.057141   -0.057141       0.000910
   813    0.457129    0.000000    0.000000       0.000910
   814    0.399988    0.057141    0.057141       0.000910
   815    0.342847    0.114282    0.114282       0.000910
   816    0.285705    0.171423    0.171423       0.000910
   817    0.228564    0.228564    0.228564       0.000910
   818    0.171423    0.285705    0.285705       0.000910
   819    0.114282    0.342847    0.342847       0.000910
   820    0.857116   -0.399988   -0.285705       0.000910
   821    0.799975   -0.342847   -0.228564       0.000910
   822    0.742834   -0.285705   -0.171423       0.000910
   823    0.685693   -0.228564   -0.114282       0.000910
   824    0.628552   -0.171423   -0.057141       0.000910
   825    0.571411   -0.114282   -0.000000       0.000910
   826    0.514270   -0.057141    0.057141       0.000910
   827    0.457129    0.000000    0.114282       0.000910
   828    0.399988    0.057141    0.171423       0.000910
   829    0.342847    0.114282    0.228564       0.000910
   830    0.285705    0.171423    0.285705       0.000910
   831    0.228564    0.228564    0.342847       0.000910
   832    0.171423    0.285705    0.399988       0.000910
   833    0.914258   -0.457129   -0.228564       0.000910
   834    0.857116   -0.399988   -0.171423       0.000910
   835    0.799975   -0.342847   -0.114282       0.000910
   836    0.742834   -0.285705   -0.057141       0.000910
   837    0.685693   -0.228564   -0.000000       0.000910
   838    0.628552   -0.171423    0.057141       0.000910
   839    0.571411   -0.114282    0.114282       0.000910
   840    0.514270   -0.057141    0.171423       0.000910
   841    0.457129    0.000000    0.228564       0.000910
   842    0.399988    0.057141    0.285705       0.000910
   843    0.342847    0.114282    0.342847       0.000910
   844    0.285705    0.171423    0.399988       0.000910
   845    0.228564    0.228564    0.457129       0.000910
   846    0.285705    0.285705   -0.971399       0.000910
   847    0.228564    0.342847   -0.914258       0.000910
   848    0.171423    0.399988   -0.857116       0.000910
   849    0.114282    0.457129   -0.799975       0.000910
   850    0.057141    0.514270   -0.742834       0.000910
   851    0.000000    0.571411   -0.685693       0.000910
   852   -0.057141    0.628552   -0.628552       0.000910
   853   -0.114282    0.685693   -0.571411       0.000910
   854   -0.171423    0.742834   -0.514270       0.000910
   855   -0.228564    0.799975   -0.457129       0.000910
   856   -0.285705    0.857116   -0.399988       0.000910
   857   -0.342847    0.914258   -0.342847       0.000910
   858   -0.399988    0.971399   -0.285705       0.000910
   859    0.342847    0.228564   -0.914258       0.000910
   860    0.285705    0.285705   -0.857116       0.000910
   861    0.228564    0.342847   -0.799975       0.000910
   862    0.171423    0.399988   -0.742834       0.000910
   863    0.114282    0.457129   -0.685693       0.000910
   864    0.057141    0.514270   -0.628552       0.000910
   865    0.000000    0.571411   -0.571411       0.000910
   866   -0.057141    0.628552   -0.514270       0.000910
   867   -0.114282    0.685693   -0.457129       0.000910
   868   -0.171423    0.742834   -0.399988       0.000910
   869   -0.228564    0.799975   -0.342847       0.000910
   870   -0.285705    0.857116   -0.285705       0.000910
   871   -0.342847    0.914258   -0.228564       0.000910
   872    0.399988    0.171423   -0.857116       0.000910
   873    0.342847    0.228564   -0.799975       0.000910
   874    0.285705    0.285705   -0.742834       0.000910
   875    0.228564    0.342847   -0.685693       0.000910
   876    0.171423    0.399988   -0.628552       0.000910
   877    0.114282    0.457129   -0.571411       0.000910
   878    0.057141    0.514270   -0.514270       0.000910
   879    0.000000    0.571411   -0.457129       0.000910
   880   -0.057141    0.628552   -0.399988       0.000910
   881   -0.114282    0.685693   -0.342847       0.000910
   882   -0.171423    0.742834   -0.285705       0.000910
   883   -0.228564    0.799975   -0.228564       0.000910
   884   -0.285705    0.857116   -0.171423       0.000910
   885    0.457129    0.114282   -0.799975       0.000910
   886    0.399988    0.171423   -0.742834       0.000910
   887    0.342847    0.228564   -0.685693       0.000910
   888    0.285705    0.285705   -0.628552       0.000910
   889    0.228564    0.342847   -0.571411       0.000910
   890    0.171423    0.399988   -0.514270       0.000910
   891    0.114282    0.457129   -0.457129       0.000910
   892    0.057141    0.514270   -0.399988       0.000910
   893    0.000000    0.571411   -0.342847       0.000910
   894   -0.057141    0.628552   -0.285705       0.000910
   895   -0.114282    0.685693   -0.228564       0.000910
   896   -0.171423    0.742834   -0.171423       0.000910
   897   -0.228564    0.799975   -0.114282       0.000910
   898    0.514270    0.057141   -0.742834       0.000910
   899    0.457129    0.114282   -0.685693       0.000910
   900    0.399988    0.171423   -0.628552       0.000910
   901    0.342847    0.228564   -0.571411       0.000910
   902    0.285705    0.285705   -0.514270       0.000910
   903    0.228564    0.342847   -0.457129       0.000910
   904    0.171423    0.399988   -0.399988       0.000910
   905    0.114282    0.457129   -0.342847       0.000910
   906    0.057141    0.514270   -0.285705       0.000910
   907    0.000000    0.571411   -0.228564       0.000910
   908   -0.057141    0.628552   -0.171423       0.000910
   909   -0.114282    0.685693   -0.114282       0.000910
   910   -0.171423    0.742834   -0.057141       0.000910
   911    0.571411    0.000000   -0.685693       0.000910
   912    0.514270    0.057141   -0.628552       0.000910
   913    0.457129    0.114282   -0.571411       0.000910
   914    0.399988    0.171423   -0.514270       0.000910
   915    0.342847    0.228564   -0.457129       0.000910
   916    0.285705    0.285705   -0.399988       0.000910
   917    0.228564    0.342847   -0.342847       0.000910
   918    0.171423    0.399988   -0.285705       0.000910
   919    0.114282    0.457129   -0.228564       0.000910
   920    0.057141    0.514270   -0.171423       0.000910
   921    0.000000    0.571411   -0.114282       0.000910
   922   -0.057141    0.628552   -0.057141       0.000910
   923   -0.114282    0.685693    0.000000       0.000910
   924    0.628552   -0.057141   -0.628552       0.000910
   925    0.571411    0.000000   -0.571411       0.000910
   926    0.514270    0.057141   -0.514270       0.000910
   927    0.457129    0.114282   -0.457129       0.000910
   928    0.399988    0.171423   -0.399988       0.000910
   929    0.342847    0.228564   -0.342847       0.000910
   930    0.285705    0.285705   -0.285705       0.000910
   931    0.228564    0.342847   -0.228564       0.000910
   932    0.171423    0.399988   -0.171423       0.000910
   933    0.114282    0.457129   -0.114282       0.000910
   934    0.057141    0.514270   -0.057141       0.000910
   935    0.000000    0.571411    0.000000       0.000910
   936   -0.057141    0.628552    0.057141       0.000910
   937    0.685693   -0.114282   -0.571411       0.000910
   938    0.628552   -0.057141   -0.514270       0.000910
   939    0.571411    0.000000   -0.457129       0.000910
   940    0.514270    0.057141   -0.399988       0.000910
   941    0.457129    0.114282   -0.342847       0.000910
   942    0.399988    0.171423   -0.285705       0.000910
   943    0.342847    0.228564   -0.228564       0.000910
   944    0.285705    0.285705   -0.171423       0.000910
   945    0.228564    0.342847   -0.114282       0.000910
   946    0.171423    0.399988   -0.057141       0.000910
   947    0.114282    0.457129    0.000000       0.000910
   948    0.057141    0.514270    0.057141       0.000910
   949    0.000000    0.571411    0.114282       0.000910
   950    0.742834   -0.171423   -0.514270       0.000910
   951    0.685693   -0.114282   -0.457129       0.000910
   952    0.628552   -0.057141   -0.399988       0.000910
   953    0.571411    0.000000   -0.342847       0.000910
   954    0.514270    0.057141   -0.285705       0.000910
   955    0.457129    0.114282   -0.228564       0.000910
   956    0.399988    0.171423   -0.171423       0.000910
   957    0.342847    0.228564   -0.114282       0.000910
   958    0.285705    0.285705   -0.057141       0.000910
   959    0.228564    0.342847    0.000000       0.000910
   960    0.171423    0.399988    0.057141       0.000910
   961    0.114282    0.457129    0.114282       0.000910
   962    0.057141    0.514270    0.171423       0.000910
   963    0.799975   -0.228564   -0.457129       0.000910
   964    0.742834   -0.171423   -0.399988       0.000910
   965    0.685693   -0.114282   -0.342847       0.000910
   966    0.628552   -0.057141   -0.285705       0.000910
   967    0.571411    0.000000   -0.228564       0.000910
   968    0.514270    0.057141   -0.171423       0.000910
   969    0.457129    0.114282   -0.114282       0.000910
   970    0.399988    0.171423   -0.057141       0.000910
   971    0.342847    0.228564    0.000000       0.000910
   972    0.285705    0.285705    0.057141       0.000910
   973    0.228564    0.342847    0.114282       0.000910
   974    0.171423    0.399988    0.171423       0.000910
   975    0.114282    0.457129    0.228564       0.000910
   976    0.857116   -0.285705   -0.399988       0.000910
   977    0.799975   -0.228564   -0.342847       0.000910
   978    0.742834   -0.171423   -0.285705       0.000910
   979    0.685693   -0.114282   -0.228564       0.000910
   980    0.628552   -0.057141   -0.171423       0.000910
   981    0.571411    0.000000   -0.114282       0.000910
   982    0.514270    0.057141   -0.057141       0.000910
   983    0.457129    0.114282    0.000000       0.000910
   984    0.399988    0.171423    0.057141       0.000910
   985    0.342847    0.228564    0.114282       0.000910
   986    0.285705    0.285705    0.171423       0.000910
   987    0.228564    0.342847    0.228564       0.000910
   988    0.171423    0.399988    0.285705       0.000910
   989    0.914258   -0.342847   -0.342847       0.000910
   990    0.857116   -0.285705   -0.285705       0.000910
   991    0.799975   -0.228564   -0.228564       0.000910
   992    0.742834   -0.171423   -0.171423       0.000910
   993    0.685693   -0.114282   -0.114282       0.000910
   994    0.628552   -0.057141   -0.057141       0.000910
   995    0.571411    0.000000    0.000000       0.000910
   996    0.514270    0.057141    0.057141       0.000910
   997    0.457129    0.114282    0.114282       0.000910
   998    0.399988    0.171423    0.171423       0.000910
   999    0.342847    0.228564    0.228564       0.000910
  1000    0.285705    0.285705    0.285705       0.000910
  1001    0.228564    0.342847    0.342847       0.000910
  1002    0.971399   -0.399988   -0.285705       0.000910
  1003    0.914258   -0.342847   -0.228564       0.000910
  1004    0.857116   -0.285705   -0.171423       0.000910
  1005    0.799975   -0.228564   -0.114282       0.000910
  1006    0.742834   -0.171423   -0.057141       0.000910
  1007    0.685693   -0.114282    0.000000       0.000910
  1008    0.628552   -0.057141    0.057141       0.000910
  1009    0.571411    0.000000    0.114282       0.000910
  1010    0.514270    0.057141    0.171423       0.000910
  1011    0.457129    0.114282    0.228564       0.000910
  1012    0.399988    0.171423    0.285705       0.000910
  1013    0.342847    0.228564    0.342847       0.000910
  1014    0.285705    0.285705    0.399988       0.000910
  1015    0.342847    0.342847   -1.028540       0.000910
  1016    0.285705    0.399988   -0.971399       0.000910
  1017    0.228564    0.457129   -0.914258       0.000910
  1018    0.171423    0.514270   -0.857116       0.000910
  1019    0.114282    0.571411   -0.799975       0.000910
  1020    0.057141    0.628552   -0.742834       0.000910
  1021    0.000000    0.685693   -0.685693       0.000910
  1022   -0.057141    0.742834   -0.628552       0.000910
  1023   -0.114282    0.799975   -0.571411       0.000910
  1024   -0.171423    0.857116   -0.514270       0.000910
  1025   -0.228564    0.914258   -0.457129       0.000910
  1026   -0.285705    0.971399   -0.399988       0.000910
  1027   -0.342847    1.028540   -0.342847       0.000910
  1028    0.399988    0.285705   -0.971399       0.000910
  1029    0.342847    0.342847   -0.914258       0.000910
  1030    0.285705    0.399988   -0.857116       0.000910
  1031    0.228564    0.457129   -0.799975       0.000910
  1032    0.171423    0.514270   -0.742834       0.000910
  1033    0.114282    0.571411   -0.685693       0.000910
  1034    0.057141    0.628552   -0.628552       0.000910
  1035    0.000000    0.685693   -0.571411       0.000910
  1036   -0.057141    0.742834   -0.514270       0.000910
  1037   -0.114282    0.799975   -0.457129       0.000910
  1038   -0.171423    0.857116   -0.399988       0.000910
  1039   -0.228564    0.914258   -0.342847       0.000910
  1040   -0.285705    0.971399   -0.285705       0.000910
  1041    0.457129    0.228564   -0.914258       0.000910
  1042    0.399988    0.285705   -0.857116       0.000910
  1043    0.342847    0.342847   -0.799975       0.000910
  1044    0.285705    0.399988   -0.742834       0.000910
  1045    0.228564    0.457129   -0.685693       0.000910
  1046    0.171423    0.514270   -0.628552       0.000910
  1047    0.114282    0.571411   -0.571411       0.000910
  1048    0.057141    0.628552   -0.514270       0.000910
  1049    0.000000    0.685693   -0.457129       0.000910
  1050   -0.057141    0.742834   -0.399988       0.000910
  1051   -0.114282    0.799975   -0.342847       0.000910
  1052   -0.171423    0.857116   -0.285705       0.000910
  1053   -0.228564    0.914258   -0.228564       0.000910
  1054    0.514270    0.171423   -0.857116       0.000910
  1055    0.457129    0.228564   -0.799975       0.000910
  1056    0.399988    0.285705   -0.742834       0.000910
  1057    0.342847    0.342847   -0.685693       0.000910
  1058    0.285705    0.399988   -0.628552       0.000910
  1059    0.228564    0.457129   -0.571411       0.000910
  1060    0.171423    0.514270   -0.514270       0.000910
  1061    0.114282    0.571411   -0.457129       0.000910
  1062    0.057141    0.628552   -0.399988       0.000910
  1063    0.000000    0.685693   -0.342847       0.000910
  1064   -0.057141    0.742834   -0.285705       0.000910
  1065   -0.114282    0.799975   -0.228564       0.000910
  1066   -0.171423    0.857116   -0.171423       0.000910
  1067    0.571411    0.114282   -0.799975       0.000910
  1068    0.514270    0.171423   -0.742834       0.000910
  1069    0.457129    0.228564   -0.685693       0.000910
  1070    0.399988    0.285705   -0.628552       0.000910
  1071    0.342847    0.342847   -0.571411       0.000910
  1072    0.285705    0.399988   -0.514270       0.000910
  1073    0.228564    0.457129   -0.457129       0.000910
  1074    0.171423    0.514270   -0.399988       0.000910
  1075    0.114282    0.571411   -0.342847       0.000910
  1076    0.057141    0.628552   -0.285705       0.000910
  1077    0.000000    0.685693   -0.228564       0.000910
  1078   -0.057141    0.742834   -0.171423       0.000910
  1079   -0.114282    0.799975   -0.114282       0.000910
  1080    0.628552    0.057141   -0.742834       0.000910
  1081    0.571411    0.114282   -0.685693       0.000910
  1082    0.514270    0.171423   -0.628552       0.000910
  1083    0.457129    0.228564   -0.571411       0.000910
  1084    0.399988    0.285705   -0.514270       0.000910
  1085    0.342847    0.342847   -0.457129       0.000910
  1086    0.285705    0.399988   -0.399988       0.000910
  1087    0.228564    0.457129   -0.342847       0.000910
  1088    0.171423    0.514270   -0.285705       0.000910
  1089    0.114282    0.571411   -0.228564       0.000910
  1090    0.057141    0.628552   -0.171423       0.000910
  1091    0.000000    0.685693   -0.114282       0.000910
  1092   -0.057141    0.742834   -0.057141       0.000910
  1093    0.685693    0.000000   -0.685693       0.000910
  1094    0.628552    0.057141   -0.628552       0.000910
  1095    0.571411    0.114282   -0.571411       0.000910
  1096    0.514270    0.171423   -0.514270       0.000910
  1097    0.457129    0.228564   -0.457129       0.000910
  1098    0.399988    0.285705   -0.399988       0.000910
  1099    0.342847    0.342847   -0.342847       0.000910
  1100    0.285705    0.399988   -0.285705       0.000910
  1101    0.228564    0.457129   -0.228564       0.000910
  1102    0.171423    0.514270   -0.171423       0.000910
  1103    0.114282    0.571411   -0.114282       0.000910
  1104    0.057141    0.628552   -0.057141       0.000910
  1105    0.000000    0.685693    0.000000       0.000910
  1106    0.742834   -0.057141   -0.628552       0.000910
  1107    0.685693    0.000000   -0.571411       0.000910
  1108    0.628552    0.057141   -0.514270       0.000910
  1109    0.571411    0.114282   -0.457129       0.000910
  1110    0.514270    0.171423   -0.399988       0.000910
  1111    0.457129    0.228564   -0.342847       0.000910
  1112    0.399988    0.285705   -0.285705       0.000910
  1113    0.342847    0.342847   -0.228564       0.000910
  1114    0.285705    0.399988   -0.171423       0.000910
  1115    0.228564    0.457129   -0.114282       0.000910
  1116    0.171423    0.514270   -0.057141       0.000910
  1117    0.114282    0.571411    0.000000       0.000910
  1118    0.057141    0.628552    0.057141       0.000910
  1119    0.799975   -0.114282   -0.571411       0.000910
  1120    0.742834   -0.057141   -0.514270       0.000910
  1121    0.685693    0.000000   -0.457129       0.000910
  1122    0.628552    0.057141   -0.399988       0.000910
  1123    0.571411    0.114282   -0.342847       0.000910
  1124    0.514270    0.171423   -0.285705       0.000910
  1125    0.457129    0.228564   -0.228564       0.000910
  1126    0.399988    0.285705   -0.171423       0.000910
  1127    0.342847    0.342847   -0.114282       0.000910
  1128    0.285705    0.399988   -0.057141       0.000910
  1129    0.228564    0.457129    0.000000       0.000910
  1130    0.171423    0.514270    0.057141       0.000910
  1131    0.114282    0.571411    0.114282       0.000910
  1132    0.857116   -0.171423   -0.514270       0.000910
  1133    0.799975   -0.114282   -0.457129       0.000910
  1134    0.742834   -0.057141   -0.399988       0.000910
  1135    0.685693    0.000000   -0.342847       0.000910
  1136    0.628552    0.057141   -0.285705       0.000910
  1137    0.571411    0.114282   -0.228564       0.000910
  1138    0.514270    0.171423   -0.171423       0.000910
  1139    0.457129    0.228564   -0.114282       0.000910
  1140    0.399988    0.285705   -0.057141       0.000910
  1141    0.342847    0.342847    0.000000       0.000910
  1142    0.285705    0.399988    0.057141       0.000910
  1143    0.228564    0.457129    0.114282       0.000910
  1144    0.171423    0.514270    0.171423       0.000910
  1145    0.914258   -0.228564   -0.457129       0.000910
  1146    0.857116   -0.171423   -0.399988       0.000910
  1147    0.799975   -0.114282   -0.342847       0.000910
  1148    0.742834   -0.057141   -0.285705       0.000910
  1149    0.685693    0.000000   -0.228564       0.000910
  1150    0.628552    0.057141   -0.171423       0.000910
  1151    0.571411    0.114282   -0.114282       0.000910
  1152    0.514270    0.171423   -0.057141       0.000910
  1153    0.457129    0.228564    0.000000       0.000910
  1154    0.399988    0.285705    0.057141       0.000910
  1155    0.342847    0.342847    0.114282       0.000910
  1156    0.285705    0.399988    0.171423       0.000910
  1157    0.228564    0.457129    0.228564       0.000910
  1158    0.971399   -0.285705   -0.399988       0.000910
  1159    0.914258   -0.228564   -0.342847       0.000910
  1160    0.857116   -0.171423   -0.285705       0.000910
  1161    0.799975   -0.114282   -0.228564       0.000910
  1162    0.742834   -0.057141   -0.171423       0.000910
  1163    0.685693    0.000000   -0.114282       0.000910
  1164    0.628552    0.057141   -0.057141       0.000910
  1165    0.571411    0.114282    0.000000       0.000910
  1166    0.514270    0.171423    0.057141       0.000910
  1167    0.457129    0.228564    0.114282       0.000910
  1168    0.399988    0.285705    0.171423       0.000910
  1169    0.342847    0.342847    0.228564       0.000910
  1170    0.285705    0.399988    0.285705       0.000910
  1171    1.028540   -0.342847   -0.342847       0.000910
  1172    0.971399   -0.285705   -0.285705       0.000910
  1173    0.914258   -0.228564   -0.228564       0.000910
  1174    0.857116   -0.171423   -0.171423       0.000910
  1175    0.799975   -0.114282   -0.114282       0.000910
  1176    0.742834   -0.057141   -0.057141       0.000910
  1177    0.685693    0.000000    0.000000       0.000910
  1178    0.628552    0.057141    0.057141       0.000910
  1179    0.571411    0.114282    0.114282       0.000910
  1180    0.514270    0.171423    0.171423       0.000910
  1181    0.457129    0.228564    0.228564       0.000910
  1182    0.399988    0.285705    0.285705       0.000910
  1183    0.342847    0.342847    0.342847       0.000910
